0.5277777777777778	0.4722222222222222	0.43826086956521737	0.09043478260869565	0.08869565217391304	0.3826086956521739	0.3710801393728223	0.06794425087108014	0.0017421602787456446	0.08710801393728224	0.06620209059233449	0.02264808362369338	0.08710801393728224	0.2961672473867596	0.3158813263525305	0.055846422338568937	0.0017452006980802793	0.06631762652705062	0.0	0.0017452006980802793	0.008726003490401396	0.07853403141361257	0.055846422338568937	0.010471204188481676	0.0	0.020942408376963352	0.06631762652705062	0.020942408376963352	0.07853403141361257	0.2181500872600349	
0.43453070683661643	0.5654692931633836	0.3225058004640371	0.11252900232018562	0.11136890951276102	0.45359628770301624	0.25203252032520324	0.07084785133565621	0.010452961672473868	0.10104529616724739	0.06968641114982578	0.041811846689895474	0.10104529616724739	0.3530778164924506	0.2	0.05232558139534884	0.004651162790697674	0.06627906976744186	0.0034883720930232558	0.0069767441860465115	0.011627906976744186	0.08953488372093023	0.05116279069767442	0.018604651162790697	0.005813953488372093	0.03488372093023256	0.06627906976744186	0.03488372093023256	0.08953488372093023	0.26395348837209304	
0.35400144196106703	0.6459985580389329	0.24738550306527227	0.10674359899026326	0.10638297872340426	0.5394879192210602	0.1782106782106782	0.06926406926406926	0.004329004329004329	0.1020923520923521	0.0689033189033189	0.03751803751803752	0.1020923520923521	0.4375901875901876	0.12486466979429808	0.0534103211836882	0.001804402742692169	0.06748466257668712	0.001804402742692169	0.0025261638397690365	0.009382894261999277	0.09274630097437749	0.05304944063514976	0.015878744135691087	0.0025261638397690365	0.03464453265968964	0.06712378202814868	0.03500541320822808	0.09274630097437749	0.3450018044027427	
0.44574290484140233	0.5542570951585977	0.3494983277591973	0.09698996655518395	0.09531772575250837	0.45819397993311034	0.2830820770519263	0.06700167504187604	0.006700167504187605	0.08877721943048576	0.06532663316582915	0.03015075376884422	0.08877721943048576	0.37018425460636517	0.2348993288590604	0.04865771812080537	0.003355704697986577	0.06375838926174497	0.003355704697986577	0.003355704697986577	0.01174496644295302	0.07718120805369127	0.04697986577181208	0.018456375838926176	0.003355704697986577	0.025167785234899327	0.06208053691275168	0.026845637583892617	0.07718120805369127	0.2936241610738255	
0.38477261113949923	0.6152273888605008	0.2791411042944785	0.1058282208588957	0.10531697341513292	0.5097137014314929	0.2112531969309463	0.0680306905370844	0.0020460358056265983	0.10332480818414322	0.06751918158567775	0.037851662404092073	0.10332480818414322	0.40664961636828645	0.1617195496417605	0.0496417604912999	0.0	0.06806550665301944	0.0	0.0020470829068577278	0.008188331627430911	0.09518935516888434	0.04912998976458546	0.01842374616171955	0.0020470829068577278	0.035312180143295804	0.06755373592630501	0.03582395087001024	0.09518935516888434	0.311668372569089	
0.34096824570536177	0.6590317542946382	0.23125	0.10989583333333333	0.109375	0.5494791666666666	0.16362688900468994	0.06774361646690985	0.004689942678478374	0.10474205315268369	0.0672225117248567	0.042209484106305366	0.10474205315268369	0.4450234497133924	0.11574556830031282	0.047966631908237745	0.0026068821689259644	0.06517205422314912	0.0015641293013555788	0.0031282586027111575	0.009384775808133473	0.0954118873826903	0.04744525547445255	0.01981230448383733	0.0020855057351407717	0.03962460896767466	0.06569343065693431	0.03910323253388947	0.0954118873826903	0.34984358706986446	
0.3229268292682927	0.6770731707317074	0.20703125	0.1162109375	0.1162109375	0.560546875	0.14565004887585534	0.06158357771260997	0.009775171065493646	0.10557184750733138	0.06158357771260997	0.05474095796676442	0.10654936461388075	0.45454545454545453	0.10273972602739725	0.043052837573385516	0.0029354207436399216	0.05870841487279843	0.0029354207436399216	0.00684931506849315	0.010763209393346379	0.0949119373776908	0.043052837573385516	0.018590998043052837	0.00684931506849315	0.046966731898238745	0.05870841487279843	0.04794520547945205	0.0958904109589041	0.35909980430528377	
0.4330097087378641	0.566990291262136	0.3244818652849741	0.10880829015544041	0.10816062176165803	0.4585492227979275	0.25145819831497085	0.07323395981853532	0.004536616979909268	0.10369410239792612	0.07258587167854828	0.0356448476992871	0.10369410239792612	0.35515230071289694	0.19779507133592736	0.05382619974059663	0.0025940337224383916	0.07068741893644617	0.0019455252918287938	0.0025940337224383916	0.014915693904020753	0.08884565499351492	0.05317769130998703	0.019455252918287938	0.0019455252918287938	0.033073929961089495	0.07068741893644617	0.033073929961089495	0.08884565499351492	0.26653696498054474	
0.4097560975609756	0.5902439024390244	0.306753458096013	0.10333604556550041	0.10252237591537836	0.4873881204231082	0.23452768729641693	0.0724755700325733	0.003257328990228013	0.0993485342019544	0.0724755700325733	0.03013029315960912	0.0993485342019544	0.38843648208469056	0.18255908720456399	0.05215973920130399	0.0024449877750611247	0.07008964955175224	0.0024449877750611247	0.0008149959250203749	0.015484922575387123	0.08394458027709861	0.05215973920130399	0.020374898125509373	0.0008149959250203749	0.02852485737571312	0.07008964955175224	0.029339853300733496	0.08394458027709861	0.30480847595762023	
0.39936858721389107	0.6006314127861089	0.2921437031188314	0.10738255033557047	0.10698776154757204	0.49348598499802604	0.22432859399684044	0.0679304897314376	0.004344391785150079	0.10268562401263823	0.06753554502369669	0.03949447077409163	0.10268562401263823	0.3909952606635071	0.17226392730146187	0.05215329909126827	0.0015804030027657052	0.06637692611615963	0.0007902015013828526	0.0035559067562228367	0.01066772026866851	0.09205847491110233	0.05175819834057685	0.015804030027657054	0.002765705254839984	0.036349269063611224	0.06677202686685105	0.035954168312919796	0.09205847491110233	0.2990912682734097	
0.37270341207349084	0.6272965879265092	0.2613263296126067	0.11162179908076166	0.11096520026263952	0.5160866710439921	0.1938239159001314	0.06767411300919843	0.005913272010512484	0.10512483574244415	0.06701708278580815	0.04402102496714849	0.10512483574244415	0.41130091984231276	0.14858645627876396	0.045364891518737675	0.003287310979618672	0.06443129520052597	0.003287310979618672	0.0026298487836949377	0.007232084155161078	0.09796186719263643	0.044707429322813935	0.022353714661406968	0.0026298487836949377	0.04076265614727153	0.06377383300460224	0.04142011834319527	0.09796186719263643	0.3136094674556213	
0.44869565217391305	0.551304347826087	0.3568320278503046	0.09225413402959094	0.09225413402959094	0.4586597040905135	0.2961672473867596	0.06097560975609756	0.0017421602787456446	0.0897212543554007	0.06097560975609756	0.0313588850174216	0.09059233449477352	0.36846689895470386	0.24062772449869224	0.05579773321708806	0.0008718395815170009	0.06015693112467306	0.0	0.0017436791630340018	0.008718395815170008	0.08108108108108109	0.05579773321708806	0.0052310374891020054	0.0008718395815170009	0.02964254577157803	0.06102877070619006	0.02964254577157803	0.08195292066259809	0.2868352223190933	
0.351235886481538	0.648764113518462	0.25244200244200243	0.0989010989010989	0.09859584859584859	0.5500610500610501	0.19328244274809162	0.059236641221374044	0.004885496183206107	0.09374045801526718	0.05893129770992366	0.03969465648854962	0.09374045801526718	0.45648854961832064	0.15058032987171655	0.04276114844227245	0.002748930971288943	0.05650580329871716	0.0021380574221136223	0.002748930971288943	0.007025045815516188	0.08674404398289554	0.04245571166768479	0.016493585827733658	0.0021380574221136223	0.03726328649969456	0.056811240073304826	0.036957849725106906	0.08674404398289554	0.36988393402565667	
0.4062671797691039	0.5937328202308961	0.31353135313531355	0.09295929592959296	0.09295929592959296	0.5005500550055005	0.24545954870665934	0.0682443588332416	0.001100715465052284	0.09135938359933957	0.0682443588332416	0.02476609796367639	0.09190974133186572	0.4089157952669235	0.1932819383259912	0.05231277533039647	0.0005506607929515419	0.06773127753303965	0.0005506607929515419	0.0005506607929515419	0.004955947136563877	0.08645374449339208	0.05231277533039647	0.015969162995594713	0.0005506607929515419	0.0236784140969163	0.06773127753303965	0.024229074889867842	0.08700440528634361	0.32213656387665196	
0.390228013029316	0.609771986970684	0.2861799217731421	0.10430247718383312	0.10430247718383312	0.5052151238591917	0.2217873450750163	0.06457925636007827	0.0045662100456621	0.09915198956294846	0.06457925636007827	0.03979125896934116	0.09980430528375733	0.40574037834311805	0.17428198433420367	0.047650130548302874	0.0006527415143603133	0.0639686684073107	0.0006527415143603133	0.0039164490861618795	0.0045691906005221935	0.09464751958224543	0.047650130548302874	0.016971279373368148	0.0039164490861618795	0.03524804177545692	0.0639686684073107	0.03590078328981723	0.09530026109660575	0.31070496083550914	
0.3907351460221551	0.6092648539778449	0.28211586901763225	0.10881612090680101	0.10831234256926953	0.5007556675062972	0.2091733870967742	0.07308467741935484	0.003528225806451613	0.10483870967741936	0.07258064516129033	0.03578629032258065	0.10483870967741936	0.3961693548387097	0.15632879475542108	0.0529500756429652	0.0015128593040847202	0.07160867372667676	0.0005042864346949068	0.0030257186081694403	0.011094301563287948	0.09379727685325265	0.0529500756429652	0.019667170953101363	0.002017145738779627	0.03328290468986384	0.07211296016137166	0.03277861825516894	0.09379727685325265	0.30257186081694404	
0.4020296643247463	0.5979703356752537	0.3047891723060906	0.09734513274336283	0.09708485163977096	0.5007808433107757	0.23873991148138507	0.06612861234053632	0.0031241864097891173	0.09398594116115595	0.0658682634730539	0.031241864097891175	0.09398594116115595	0.4069252798750325	0.18723958333333332	0.0515625	0.0015625	0.06458333333333334	0.0015625	0.0015625	0.00859375	0.08541666666666667	0.05130208333333333	0.014583333333333334	0.0015625	0.029427083333333333	0.06432291666666666	0.0296875	0.08541666666666667	0.3216145833333333	
0.36881419234360413	0.6311858076563959	0.2648295189163942	0.10415693601120972	0.10368986454927603	0.5273236805231201	0.19813084112149532	0.06682242990654205	0.001869158878504673	0.10186915887850467	0.06635514018691589	0.037383177570093455	0.10186915887850467	0.42570093457943925	0.1514726507713885	0.04675081813931744	0.001402524544179523	0.06545114539504442	0.0004675081813931744	0.001402524544179523	0.01168770453482936	0.09022907900888266	0.04675081813931744	0.019635343618513323	0.0004675081813931744	0.0364656381486676	0.06591865357643759	0.035998129967274424	0.09022907900888266	0.33567087424029923	
0.353243117125525	0.6467568828744751	0.24369747899159663	0.10971055088702147	0.1092436974789916	0.5373482726423903	0.17141522652965904	0.07239607659971976	0.006071929005137786	0.10322279308734236	0.07239607659971976	0.036898645492760396	0.10322279308734236	0.43437645959831855	0.11682242990654206	0.054672897196261686	0.002336448598130841	0.07009345794392523	0.002336448598130841	0.003738317757009346	0.014018691588785047	0.08925233644859813	0.054672897196261686	0.017757009345794394	0.003738317757009346	0.03271028037383177	0.07009345794392523	0.033177570093457946	0.08925233644859813	0.3453271028037383	
0.379438261791203	0.620561738208797	0.2812085873310363	0.09833024118738404	0.09806520010601644	0.5223959713755633	0.2168610816542948	0.0644220572640509	0.0029162248144220574	0.09517497348886532	0.06415694591728525	0.033934252386002124	0.09517497348886532	0.42735949098621423	0.16706443914081145	0.049854150092813576	0.0013259082471492973	0.06311323256430655	0.0010607265977194379	0.0018562715460090163	0.00928135773004508	0.08591885441527446	0.049854150092813576	0.014319809069212411	0.0015910898965791568	0.032086979581012996	0.06311323256430655	0.032086979581012996	0.08591885441527446	0.341553964465659	
0.3567029843675983	0.6432970156324017	0.23601895734597156	0.12085308056872038	0.12037914691943127	0.5227488151658768	0.15979137031768612	0.07633949739212897	0.007586533902323376	0.11284969179706021	0.07586533902323377	0.044570886676149835	0.11284969179706021	0.41014698909435754	0.11053130929791272	0.04933586337760911	0.003320683111954459	0.0730550284629981	0.003320683111954459	0.004269449715370019	0.012808349146110056	0.10009487666034156	0.048861480075901326	0.027039848197343452	0.004269449715370019	0.03984819734345351	0.07258064516129033	0.04032258064516129	0.10009487666034156	0.31024667931688804	
0.39212827988338195	0.607871720116618	0.2876412686839227	0.10462996718920889	0.10426540284360189	0.5034633612832665	0.21918307804522247	0.06856309263311451	0.0036469730123997084	0.10065645514223195	0.06819839533187455	0.036105032822757115	0.10065645514223195	0.40299051787016776	0.1678219627873039	0.0514410798978475	0.0018241517694272164	0.06676395476103612	0.0010944910616563297	0.002553812477198103	0.013863553447646844	0.0868296242247355	0.0514410798978475	0.01678219627873039	0.0018241517694272164	0.03392922291134622	0.06712878511492155	0.03356439255746078	0.0868296242247355	0.3163079168186793	
0.3962101636520241	0.6037898363479759	0.2847910383455407	0.11158983196897888	0.11115898319689789	0.4924601464885825	0.21465517241379312	0.07025862068965517	0.003017241379310345	0.10818965517241379	0.06982758620689655	0.041379310344827586	0.10818965517241379	0.38448275862068965	0.1630012936610608	0.0517464424320828	0.0017248814144027599	0.0685640362225097	0.0017248814144027599	0.00129366106080207	0.01121172919361794	0.09702457956015524	0.0513152220784821	0.018542475204829666	0.00129366106080207	0.03967227253126347	0.06813281586890901	0.040103492884864166	0.09702457956015524	0.2876239758516602	
0.44642857142857145	0.5535714285714286	0.3632286995515695	0.08520179372197309	0.08071748878923767	0.47085201793721976	0.2972972972972973	0.06756756756756757	0.0045045045045045045	0.07657657657657657	0.06306306306306306	0.018018018018018018	0.07657657657657657	0.3963963963963964	0.248868778280543	0.049773755656108594	0.0	0.06787330316742081	0.0	0.004524886877828055	0.0	0.07692307692307693	0.04524886877828054	0.01809954751131222	0.004524886877828055	0.00904977375565611	0.06334841628959276	0.013574660633484163	0.07692307692307693	0.3212669683257919	
0.38653846153846155	0.6134615384615385	0.2762271414821944	0.11068334937439846	0.109720885466795	0.5033686236766122	0.21098265895953758	0.06551059730250482	0.0019267822736030828	0.10789980732177264	0.06454720616570328	0.04527938342967245	0.10789980732177264	0.3959537572254335	0.15429122468659595	0.05689488910318226	0.0009643201542912247	0.06460945033751206	0.0	0.0019286403085824494	0.008678881388621022	0.09932497589199614	0.055930568948891035	0.008678881388621022	0.0009643201542912247	0.04339440694310511	0.06460945033751206	0.04339440694310511	0.09932497589199614	0.2970106075216972	
0.38016860698514654	0.6198313930148535	0.27590361445783135	0.10441767068273092	0.10441767068273092	0.5152610441767068	0.20771394134190438	0.06830052229811169	0.005222981116914423	0.09883487344314985	0.06830052229811169	0.03615910004017678	0.09923664122137404	0.4162314182402571	0.15434083601286175	0.05345659163987138	0.0028135048231511255	0.0655144694533762	0.002411575562700965	0.0028135048231511255	0.008440514469453377	0.09043408360128617	0.05345659163987138	0.01487138263665595	0.002411575562700965	0.033360128617363344	0.06591639871382636	0.033360128617363344	0.09083601286173633	0.32556270096463025	
0.4276342763427634	0.5723657236572366	0.3232157506152584	0.10459392945036916	0.10418375717801477	0.46800656275635766	0.25071809601969636	0.07263028313500206	0.004924086992203529	0.09930242100943783	0.07221994255231842	0.03200656544932294	0.09930242100943783	0.36889618383258105	0.20114942528735633	0.04967159277504105	0.0024630541871921183	0.07019704433497537	0.0024630541871921183	0.0024630541871921183	0.012725779967159278	0.08661740558292283	0.04967159277504105	0.02257799671592775	0.0024630541871921183	0.02914614121510673	0.06978653530377668	0.029556650246305417	0.08661740558292283	0.2824302134646962	
0.37692782233189387	0.6230721776681061	0.27283950617283953	0.10432098765432099	0.1037037037037037	0.5191358024691358	0.20444718962322422	0.06856084002470661	0.006176652254478073	0.09759110562075356	0.06794317479925881	0.035824583075972825	0.09759110562075356	0.4218653489808524	0.15327564894932014	0.051297898640296664	0.002472187886279357	0.06613102595797281	0.001854140914709518	0.004326328800988875	0.011124845488257108	0.0865265760197775	0.051297898640296664	0.01668726823238566	0.003708281829419036	0.0315203955500618	0.06613102595797281	0.0315203955500618	0.0865265760197775	0.33559950556242274	
0.37799771602588506	0.622002283974115	0.2578065498857578	0.12033511043412033	0.11995430312261995	0.5019040365575019	0.18857142857142858	0.06933333333333333	0.004952380952380952	0.11504761904761905	0.06895238095238095	0.05104761904761905	0.11504761904761905	0.38704761904761903	0.13795731707317074	0.0506859756097561	0.0011432926829268292	0.06821646341463415	0.0007621951219512195	0.004192073170731708	0.01676829268292683	0.09832317073170732	0.05030487804878049	0.018673780487804877	0.0038109756097560975	0.046875	0.06821646341463415	0.046875	0.09832317073170732	0.2888719512195122	
0.3847457627118644	0.6152542372881356	0.27469266638406103	0.11021619330224672	0.10979228486646884	0.5052988554472234	0.20229007633587787	0.07251908396946564	0.0029686174724342664	0.10687022900763359	0.0720949957591179	0.037743850720949955	0.10687022900763359	0.3986429177268872	0.14467543487484089	0.05770046669495121	0.0016970725498515061	0.07085277895630038	0.0012728044123886295	0.0016970725498515061	0.009333899024183284	0.0975816716164616	0.057276198557488334	0.014849384811200678	0.0012728044123886295	0.03606279168434451	0.07085277895630038	0.03606279168434451	0.0975816716164616	0.30123037759864235	
0.38603140227395777	0.6139685977260422	0.2822318526543879	0.10400866738894908	0.10400866738894908	0.5097508125677139	0.2140921409214092	0.06829268292682927	0.0005420054200542005	0.10298102981029811	0.06829268292682927	0.03577235772357724	0.1035230352303523	0.4065040650406504	0.1594360086767896	0.05477223427331887	0.0005422993492407809	0.06778741865509762	0.0	0.0005422993492407809	0.008676789587852495	0.09436008676789588	0.05477223427331887	0.013557483731019523	0.0	0.03524945770065076	0.06832971800433839	0.03524945770065076	0.09490238611713665	0.31182212581344904	
0.3723849372384937	0.6276150627615062	0.259231905465288	0.11324470704086657	0.11299852289512555	0.5145248645987198	0.18640728884511204	0.07288845112041369	0.0036936715094804235	0.10933267668062054	0.072642206353115	0.040384141836985965	0.10933267668062054	0.4053188869736518	0.13768472906403942	0.04876847290640394	0.0019704433497536944	0.07093596059113301	0.0012315270935960591	0.0024630541871921183	0.013546798029556651	0.0958128078817734	0.04852216748768473	0.02413793103448276	0.0017241379310344827	0.03842364532019704	0.07142857142857142	0.03793103448275862	0.0958128078817734	0.3096059113300493	
0.35155164427975916	0.6484483557202408	0.24559777571825764	0.10611677479147359	0.1056533827618165	0.5426320667284523	0.18127028280018545	0.06444135373203523	0.005099675475197033	0.10060268891979601	0.06397774687065369	0.04172461752433936	0.10060268891979601	0.4422809457579972	0.14100185528756956	0.040352504638218926	0.0037105751391465678	0.060760667903525044	0.002319109461966605	0.0027829313543599257	0.01020408163265306	0.09044526901669758	0.040352504638218926	0.02365491651205937	0.0013914656771799629	0.039888682745825604	0.06168831168831169	0.03896103896103896	0.09044526901669758	0.3520408163265306	
0.3910064239828694	0.6089935760171307	0.2930591259640103	0.09811482433590403	0.09768637532133675	0.511139674378749	0.226746678096871	0.06643806258036862	0.0012858979854264896	0.09644234890698672	0.06600942991855979	0.031718816973853405	0.09644234890698672	0.4149164166309473	0.17495711835334476	0.05188679245283019	0.0004288164665523156	0.0660377358490566	0.0004288164665523156	0.0008576329331046312	0.007718696397941681	0.08876500857632934	0.051457975986277875	0.014579759862778732	0.0008576329331046312	0.030445969125214408	0.0656089193825043	0.030874785591766724	0.08876500857632934	0.3263293310463122	
0.3535749265426053	0.6464250734573947	0.24705882352941178	0.10686274509803921	0.10588235294117647	0.5401960784313725	0.16977428851815504	0.0775269872423945	0.004906771344455349	0.10107948969578018	0.07654563297350343	0.029440628066732092	0.10107948969578018	0.4396467124631992	0.11100196463654224	0.05893909626719057	0.0009823182711198428	0.07662082514734773	0.0009823182711198428	0.003929273084479371	0.0029469548133595285	0.09823182711198428	0.05795677799607073	0.018664047151277015	0.003929273084479371	0.02455795677799607	0.0756385068762279	0.025540275049115914	0.09823182711198428	0.3418467583497053	
0.4706084565142661	0.5293915434857339	0.3782668500687758	0.09250343878954607	0.0921595598349381	0.43707015130674004	0.305125558995528	0.07327141382868937	0.005503955968352253	0.08668730650154799	0.07292741658066736	0.019263845889232887	0.08668730650154799	0.35053319573443414	0.2494838265657261	0.055746730901582935	0.004473503097040606	0.06882312456985547	0.003785271851342051	0.0017205781142463868	0.009291121816930488	0.0774260151410874	0.055402615278733656	0.017549896765313145	0.0010323468685478321	0.017894012388162423	0.06916724019270475	0.017549896765313145	0.0774260151410874	0.2732278045423262	
0.3775243525778095	0.6224756474221905	0.2740019011406844	0.10361216730038023	0.1033745247148289	0.5190114068441065	0.2053719990492037	0.06869503208937486	0.002376990729736154	0.10102210601378654	0.06869503208937486	0.03470406465414785	0.10102210601378654	0.4181126693605895	0.15287684260580123	0.05254398478364242	0.0019020446980504042	0.06680932001902044	0.0009510223490252021	0.0014265335235378032	0.007845934379457917	0.0932001902044698	0.05254398478364242	0.016167379933428434	0.00047551117451260106	0.03399904897765098	0.06776034236804565	0.033285782215882076	0.0932001902044698	0.3250118877793628	
0.37509510524980977	0.6249048947501902	0.27295788939624555	0.10223236935565702	0.1019786910197869	0.5228310502283106	0.20527784826186246	0.06774930220756153	0.0030449124587668104	0.09895965490992134	0.0674955595026643	0.03450900786602385	0.09895965490992134	0.42400405988327833	0.15685279187817258	0.048477157360406094	0.0015228426395939086	0.06624365482233502	0.0005076142131979696	0.0025380710659898475	0.009390862944162437	0.08959390862944162	0.048223350253807105	0.019289340101522844	0.0015228426395939086	0.032741116751269034	0.06700507614213198	0.03197969543147208	0.08959390862944162	0.33451776649746195	
0.43832599118942733	0.5616740088105727	0.33076074972436603	0.10804851157662625	0.10804851157662625	0.4531422271223815	0.25055187637969095	0.08057395143487858	0.0033112582781456954	0.10375275938189846	0.08057395143487858	0.02759381898454746	0.10485651214128035	0.3487858719646799	0.2	0.05082872928176796	0.0033149171270718232	0.07734806629834254	0.0022099447513812156	0.0011049723756906078	0.022099447513812154	0.08176795580110498	0.05082872928176796	0.02983425414364641	0.0	0.026519337016574586	0.07845303867403315	0.026519337016574586	0.08287292817679558	0.2662983425414365	
0.3580520199225235	0.6419479800774764	0.2497231450719823	0.10852713178294573	0.1079734219269103	0.5337763012181617	0.18060941828254848	0.06925207756232687	0.0016620498614958448	0.10637119113573407	0.06925207756232687	0.038781163434903045	0.10637119113573407	0.4277008310249307	0.12915742793791574	0.05155210643015521	0.0005543237250554324	0.06873614190687362	0.0005543237250554324	0.0011086474501108647	0.01164079822616408	0.09478935698447893	0.05155210643015521	0.017738359201773836	0.0011086474501108647	0.03713968957871397	0.06873614190687362	0.037694013303769404	0.09478935698447893	0.33314855875831484	
0.40169133192389006	0.5983086680761099	0.30248545742993127	0.09941829719725014	0.09888947646747752	0.4992067689053411	0.23756613756613756	0.06507936507936508	0.0015873015873015873	0.09735449735449736	0.06455026455026455	0.03439153439153439	0.09735449735449736	0.4021164021164021	0.18951826363155108	0.048173636844891475	0.0005293806246691371	0.06458443620963472	0.0005293806246691371	0.0010587612493382743	0.013763896241397565	0.08364213869772366	0.04764425622022234	0.01694017998941239	0.0010587612493382743	0.0328215987294865	0.06405505558496559	0.03335097935415564	0.08364213869772366	0.31868713605082055	
0.39030794939126284	0.6096920506087372	0.28653295128939826	0.10386819484240688	0.10362941738299905	0.5059694364851958	0.21853355624552184	0.06806782899450681	0.005732027704800574	0.0979221399570098	0.06806782899450681	0.03558633866730356	0.0979221399570098	0.40816813947934083	0.16674629718107978	0.051839464882943144	0.002866698518872432	0.06521739130434782	0.003105590062111801	0.0026278069756330625	0.01098901098901099	0.08695652173913043	0.051839464882943144	0.016244624940277116	0.002866698518872432	0.03248924988055423	0.06497849976110846	0.03296703296703297	0.08695652173913043	0.32130912565695174	
0.33534743202416917	0.6646525679758308	0.2384406165004533	0.09700815956482321	0.0967059534602599	0.5678452704744635	0.17533252720677148	0.06318016928657799	0.0063482466747279325	0.0903869407496977	0.06287787182587666	0.03385731559854897	0.0903869407496977	0.47762998790810157	0.1315391593589356	0.04384638645297853	0.002721499848805564	0.06047777441790142	0.002419110976716057	0.003931055337163592	0.008769277290595706	0.08164499546416693	0.043543997580889025	0.019352887813728455	0.003628666465074085	0.029936498336861204	0.06047777441790142	0.029936498336861204	0.08164499546416693	0.3961294224372543	
0.37414299706170423	0.6258570029382958	0.2778049975502205	0.09652131308182263	0.096031357177854	0.5296423321901029	0.2161764705882353	0.061764705882352944	0.0029411764705882353	0.09313725490196079	0.061274509803921566	0.03480392156862745	0.09313725490196079	0.43676470588235294	0.1662579695929377	0.05002452182442374	0.0014713094654242277	0.06032368808239333	0.0004904364884747426	0.0024521824423737125	0.00980872976949485	0.08337420304070622	0.05002452182442374	0.011280039234919078	0.0014713094654242277	0.03285924472780775	0.06081412457086807	0.032368808239333004	0.08337420304070622	0.3536047081902894	
0.3691275167785235	0.6308724832214765	0.25767263427109977	0.11157289002557545	0.11125319693094629	0.5195012787723785	0.19091781259993604	0.06683722417652702	0.005436520626798848	0.10585225455708347	0.06683722417652702	0.044451551007355296	0.10585225455708347	0.4138151582986888	0.14619321817018555	0.044785668586052464	0.001599488163787588	0.06525911708253358	0.0019193857965451055	0.0035188739603326936	0.010876519513755598	0.09500959692898273	0.044785668586052464	0.022072936660268713	0.003838771593090211	0.04030710172744722	0.06493921944977607	0.04094689699296225	0.09500959692898273	0.31893793985924507	
0.37093690248565964	0.6290630975143403	0.2617150143449155	0.10934013388587822	0.10902135798533631	0.5199234937838699	0.19483418367346939	0.06696428571428571	0.002551020408163265	0.10650510204081633	0.06664540816326531	0.04241071428571429	0.10650510204081633	0.4135841836734694	0.14800637958532695	0.04688995215311005	0.001594896331738437	0.06539074960127592	0.0009569377990430622	0.001594896331738437	0.013716108452950558	0.09282296650717703	0.04657097288676236	0.020095693779904306	0.0009569377990430622	0.04114832535885168	0.0657097288676236	0.040829346092503986	0.09282296650717703	0.3208931419457735	
0.3638363396392433	0.6361636603607567	0.2539612676056338	0.11003521126760564	0.10959507042253522	0.5264084507042254	0.18582122413033905	0.06825187142228094	0.0048436811977102595	0.10479964773227653	0.06781153676794363	0.041831792162043156	0.10479964773227653	0.4218405988551299	0.14096916299559473	0.044933920704845816	0.0026431718061674008	0.06563876651982378	0.0022026431718061676	0.0026431718061674008	0.011013215859030838	0.09383259911894273	0.04449339207048458	0.023348017621145373	0.0022026431718061676	0.039207048458149776	0.06563876651982378	0.039207048458149776	0.09383259911894273	0.32819383259911894	
0.3848396501457726	0.6151603498542274	0.26883811375789984	0.11618862421001458	0.11570247933884298	0.4992707826932426	0.19455252918287938	0.07441634241245136	0.003404669260700389	0.11235408560311284	0.07392996108949416	0.04182879377431906	0.11235408560311284	0.38715953307393	0.14014598540145987	0.054501216545012166	0.00048661800486618007	0.07396593673965937	0.0009732360097323601	0.0024330900243309003	0.020437956204379562	0.09197080291970802	0.05401459854014599	0.01995133819951338	0.00291970802919708	0.03844282238442823	0.072992700729927	0.03941605839416058	0.09197080291970802	0.2953771289537713	
0.38151494093120225	0.6184850590687978	0.2778035217794254	0.10379981464318813	0.10356811862835959	0.5148285449490269	0.20486674391657012	0.07300115874855156	0.0018539976825028969	0.10173812282734647	0.07300115874855156	0.0305909617612978	0.10173812282734647	0.41320973348783313	0.15136764024107557	0.05354659248956885	0.0011590171534538712	0.07185906351414001	0.0011590171534538712	0.0006954102920723226	0.00880853036624942	0.09295317570700046	0.05354659248956885	0.019471488178025034	0.0006954102920723226	0.0296708391284191	0.07185906351414001	0.029902642559109873	0.09295317570700046	0.32035234121464995	
0.3724966622162884	0.6275033377837116	0.2578490313961256	0.11489645958583834	0.11489645958583834	0.5123580494321978	0.1891711229946524	0.06885026737967914	0.004679144385026738	0.10962566844919786	0.06885026737967914	0.046122994652406414	0.11029411764705882	0.40240641711229946	0.13979933110367893	0.049498327759197325	0.0013377926421404682	0.06755852842809365	0.0006688963210702341	0.004013377926421404	0.012709030100334449	0.09698996655518395	0.049498327759197325	0.01939799331103679	0.0033444816053511705	0.042140468227424746	0.06822742474916388	0.042140468227424746	0.09765886287625418	0.30501672240802674	
0.3625154130702836	0.6374845869297164	0.2498457742134485	0.11289327575570636	0.11227637260950031	0.5249845774213449	0.17469135802469135	0.07530864197530865	0.003703703703703704	0.10864197530864197	0.07469135802469136	0.037654320987654324	0.10864197530864197	0.4166666666666667	0.1260037059913527	0.04879555281037678	0.0018529956763434219	0.07350216182828907	0.0012353304508956147	0.0024706609017912293	0.016676961087090797	0.09203211859172329	0.04817788758492897	0.026559604694255712	0.0018529956763434219	0.035206917850525016	0.07350216182828907	0.035206917850525016	0.09203211859172329	0.3248919085855466	
0.40945641685429396	0.590543583145706	0.29922779922779924	0.11036036036036036	0.11003861003861004	0.4803732303732304	0.2301255230125523	0.06919858384293531	0.002896684905053106	0.10717734148696492	0.06887672996459607	0.04119729642742195	0.10717734148696492	0.3733504988735114	0.17643271088216356	0.053766902768834515	0.0009658725048293626	0.06825499034127495	0.000643915003219575	0.0022537025112685126	0.015453960077269801	0.09175788795878943	0.05344494526722473	0.015453960077269801	0.0019317450096587251	0.03895685769478429	0.06825499034127495	0.03895685769478429	0.09175788795878943	0.28171281390856406	
0.3628536285362854	0.6371463714637147	0.2571780147662018	0.10582444626743231	0.10541427399507794	0.5315832649712879	0.19327041444398851	0.06401313089864588	0.004924086992203529	0.10053344275748871	0.06360279031596225	0.04185473943373	0.10053344275748871	0.4312679524004924	0.14532019704433496	0.0480295566502463	0.0024630541871921183	0.06157635467980296	0.0016420361247947454	0.003284072249589491	0.007799671592775041	0.09277504105090312	0.0480295566502463	0.015599343185550082	0.0024630541871921183	0.038998357963875206	0.06198686371100164	0.03858784893267652	0.09277504105090312	0.33866995073891626	
0.33804809052333806	0.6619519094766619	0.22804532577903683	0.11048158640226628	0.10906515580736544	0.5524079320113314	0.16028368794326242	0.06808510638297872	0.0028368794326241137	0.10638297872340426	0.06666666666666667	0.0425531914893617	0.10638297872340426	0.44680851063829785	0.11363636363636363	0.046875	0.0	0.06818181818181818	0.0014204545454545455	0.0014204545454545455	0.008522727272727272	0.09801136363636363	0.046875	0.019886363636363636	0.002840909090909091	0.03835227272727273	0.06534090909090909	0.041193181818181816	0.09801136363636363	0.3494318181818182	
0.3723150357995227	0.6276849642004774	0.2632835820895522	0.10925373134328359	0.10865671641791044	0.5188059701492538	0.1911589008363202	0.07228195937873358	0.0035842293906810036	0.10513739545997611	0.07168458781362007	0.037037037037037035	0.10513739545997611	0.41397849462365593	0.14225941422594143	0.049013747758517634	0.0017931858936043037	0.07053197848176927	0.001195457262402869	0.002390914524805738	0.009563658099222952	0.09563658099222953	0.0484160191273162	0.023311416616855946	0.0017931858936043037	0.034668260609683206	0.07053197848176927	0.034668260609683206	0.09563658099222953	0.3185893604303646	
0.3624751632131706	0.6375248367868294	0.26007950028392957	0.10249858035207268	0.10221465076660988	0.5352072685973879	0.18886679920477137	0.07128656631638738	0.0014200511218403862	0.10082362965066742	0.07100255609201932	0.031241124680488497	0.10082362965066742	0.4345356432831582	0.13607954545454545	0.05284090909090909	0.0005681818181818182	0.07073863636363636	0.0008522727272727272	0.0005681818181818182	0.008522727272727272	0.09232954545454546	0.052556818181818184	0.018465909090909092	0.0008522727272727272	0.030113636363636363	0.07017045454545455	0.03068181818181818	0.09232954545454546	0.34232954545454547	
0.4026258205689278	0.5973741794310722	0.2891566265060241	0.11391018619934283	0.11281489594742607	0.484118291347207	0.21271929824561403	0.07675438596491228	0.006578947368421052	0.10635964912280702	0.0756578947368421	0.03728070175438596	0.10635964912280702	0.3782894736842105	0.1525795828759605	0.06037321624588365	0.0043907793633369925	0.07244785949506037	0.003293084522502744	0.003293084522502744	0.019758507135016465	0.0867178924259056	0.059275521405049394	0.01646542261251372	0.0021953896816684962	0.03402854006586169	0.07244785949506037	0.03402854006586169	0.0867178924259056	0.29198682766191	
0.6793893129770993	0.32061068702290074	0.6091954022988506	0.07279693486590039	0.07279693486590039	0.24521072796934865	0.5461538461538461	0.06538461538461539	0.0038461538461538464	0.06538461538461539	0.06538461538461539	0.007692307692307693	0.06923076923076923	0.17692307692307693	0.4864864864864865	0.06177606177606178	0.003861003861003861	0.06177606177606178	0.0	0.003861003861003861	0.003861003861003861	0.06177606177606178	0.06177606177606178	0.003861003861003861	0.0	0.003861003861003861	0.06563706563706563	0.003861003861003861	0.06563706563706563	0.11196911196911197	
0.34782608695652173	0.6521739130434783	0.23961730811045878	0.10828440965427266	0.1080669710806697	0.5440313111545988	0.17442366246193997	0.06524575902566333	0.004132231404958678	0.10395824271422358	0.06502827316224445	0.0430622009569378	0.10395824271422358	0.44019138755980863	0.1303023711115945	0.04415923428322819	0.001957798564281053	0.06330215357842071	0.0015227322166630412	0.0026103980857080703	0.013051990428540352	0.09092886665216446	0.04394170110941919	0.02110071785947357	0.0021753317380900587	0.0406787035022841	0.06351968675222971	0.04046117032847509	0.09092886665216446	0.3493582771372634	
0.39625850340136054	0.6037414965986394	0.2803062526584432	0.11612079965971926	0.1156954487452148	0.4878774989366227	0.20340425531914894	0.07702127659574468	0.003829787234042553	0.11191489361702128	0.07659574468085106	0.03914893617021276	0.11191489361702128	0.37617021276595747	0.15368241805023414	0.04980842911877394	0.0017028522775649213	0.07535121328224777	0.0017028522775649213	0.0021285653469561515	0.016602809706257982	0.09535972754363559	0.04980842911877394	0.02681992337164751	0.0021285653469561515	0.036611323967645805	0.07492550021285653	0.037037037037037035	0.09535972754363559	0.280970625798212	
0.4061990212071778	0.5938009787928222	0.2908496732026144	0.11601307189542484	0.11437908496732026	0.47875816993464054	0.220949263502455	0.07037643207855974	0.004909983633387889	0.10965630114566285	0.06873977086743044	0.04582651391162029	0.10965630114566285	0.3698854337152209	0.16885245901639345	0.05245901639344262	0.0	0.07049180327868852	0.001639344262295082	0.003278688524590164	0.019672131147540985	0.09016393442622951	0.05081967213114754	0.018032786885245903	0.004918032786885246	0.03934426229508197	0.06721311475409836	0.04262295081967213	0.09016393442622951	0.28032786885245903	
0.4129770992366412	0.5870229007633587	0.30851470026727756	0.1046200840015273	0.10423825887743414	0.482626956853761	0.2333842627960275	0.07524828113063407	0.001145912910618793	0.10313216195569137	0.0748663101604278	0.029411764705882353	0.10313216195569137	0.37967914438502676	0.17424531906763469	0.0592281238058846	0.00038211692777990065	0.07489491784486053	0.00038211692777990065	0.0007642338555598013	0.014138326327856323	0.08903324417271685	0.0592281238058846	0.015666794038975928	0.0007642338555598013	0.028276652655712647	0.07451280091708062	0.02865876958349255	0.08903324417271685	0.2907909820405044	
0.3803650715342871	0.6196349284657129	0.2704837117472853	0.11006910167818361	0.10957551826258638	0.5098716683119447	0.20049382716049383	0.07012345679012345	0.003950617283950617	0.10567901234567902	0.06962962962962962	0.04	0.10567901234567902	0.40444444444444444	0.14624505928853754	0.05434782608695652	0.0014822134387351778	0.06867588932806325	0.001976284584980237	0.001976284584980237	0.017786561264822136	0.08794466403162056	0.053853754940711464	0.015810276679841896	0.0024703557312252965	0.03705533596837945	0.06768774703557312	0.03804347826086957	0.08794466403162056	0.316699604743083	
0.4242021276595745	0.5757978723404256	0.3260146373918829	0.09846972721224219	0.09780439121756487	0.47771124417831007	0.2663115845539281	0.05992010652463382	0.004660452729693742	0.09320905459387484	0.059254327563249	0.03861517976031957	0.09320905459387484	0.3848202396804261	0.21852098600932712	0.047968021319120584	0.002664890073284477	0.05729513657561625	0.001998667554963358	0.002664890073284477	0.011325782811459028	0.08194536975349767	0.04730179880079947	0.011992005329780146	0.001998667554963358	0.03597601598934044	0.05729513657561625	0.03597601598934044	0.08194536975349767	0.3031312458361093	
0.4383954154727794	0.5616045845272206	0.33715925394548063	0.10186513629842181	0.10186513629842181	0.45911047345767575	0.26436781609195403	0.07327586206896551	0.004310344827586207	0.09626436781609195	0.07327586206896551	0.028735632183908046	0.09770114942528736	0.3620689655172414	0.20431654676258992	0.060431654676258995	0.0028776978417266188	0.07050359712230216	0.0014388489208633094	0.0028776978417266188	0.008633093525179856	0.08776978417266187	0.060431654676258995	0.012949640287769784	0.0014388489208633094	0.025899280575539568	0.07194244604316546	0.025899280575539568	0.08920863309352518	0.2733812949640288	
0.42436974789915966	0.5756302521008403	0.3263157894736842	0.09894736842105263	0.0968421052631579	0.47789473684210526	0.25738396624472576	0.06962025316455696	0.006329113924050633	0.09071729957805907	0.06751054852320675	0.029535864978902954	0.09071729957805907	0.3881856540084388	0.19873150105708245	0.05919661733615222	0.004228329809725159	0.06553911205073996	0.004228329809725159	0.0021141649048625794	0.0021141649048625794	0.08879492600422834	0.05919661733615222	0.008456659619450317	0.0021141649048625794	0.02536997885835095	0.06342494714587738	0.02748414376321353	0.08879492600422834	0.30021141649048627	
0.3851528384279476	0.6148471615720524	0.2795980777632154	0.10572302315421582	0.1052861511577108	0.509392747924858	0.21153846153846154	0.06818181818181818	0.0030594405594405595	0.10227272727272728	0.06774475524475525	0.037587412587412584	0.10227272727272728	0.40734265734265734	0.16222125054656755	0.04940970703979012	0.0013117621337997377	0.06689986882378662	0.0008745080891998251	0.0021862702229995625	0.010056843025797988	0.09226060341058155	0.04897245299519021	0.01880192391779624	0.0017490161783996502	0.03541757761259292	0.06689986882378662	0.03541757761259292	0.09226060341058155	0.31526016615653696	
0.31122994652406416	0.6887700534759358	0.19743178170144463	0.11396468699839486	0.11396468699839486	0.5746388443017657	0.14400428265524626	0.05353319057815846	0.007494646680942184	0.10599571734475374	0.05353319057815846	0.06049250535331906	0.10653104925053533	0.4684154175588865	0.10658810926620246	0.037493304767005894	0.002678093197643278	0.05088377075522228	0.002678093197643278	0.0048205677557579	0.012854847348687734	0.09319764327798608	0.037493304767005894	0.016068559185859668	0.0048205677557579	0.05516871987145153	0.05088377075522228	0.05570433851098018	0.09319764327798608	0.3754686663095876	
0.38901923979352415	0.6109807602064758	0.2887323943661972	0.10046948356807511	0.1	0.5107981220657277	0.22498825739783937	0.06387975575387506	0.0004697040864255519	0.099577266322217	0.06387975575387506	0.03616721465476749	0.099577266322217	0.4114607797087835	0.17575187969924813	0.049342105263157895	0.00046992481203007516	0.06343984962406016	0.0	0.00046992481203007516	0.011748120300751879	0.08787593984962407	0.049342105263157895	0.01456766917293233	0.0	0.03571428571428571	0.06390977443609022	0.03571428571428571	0.08787593984962407	0.32377819548872183	
0.39148073022312374	0.6085192697768763	0.25609756097560976	0.13617886178861788	0.13414634146341464	0.4735772357723577	0.18329938900203666	0.07331975560081466	0.010183299389002037	0.12423625254582485	0.07128309572301425	0.06313645621181263	0.12423625254582485	0.35030549898167007	0.12857142857142856	0.05510204081632653	0.0020408163265306124	0.07142857142857142	0.004081632653061225	0.006122448979591836	0.022448979591836733	0.10204081632653061	0.05510204081632653	0.0163265306122449	0.00816326530612245	0.053061224489795916	0.0673469387755102	0.05714285714285714	0.10204081632653061	0.24897959183673468	
0.3766031869413136	0.6233968130586863	0.27060653188180406	0.10614307931570761	0.1057542768273717	0.5174961119751167	0.2014780241151303	0.06923376118241929	0.002333722287047841	0.10346168805912097	0.06884480746791131	0.03695060287825749	0.10346168805912097	0.41423570595099185	0.1509727626459144	0.05058365758754864	0.0003891050583657588	0.0688715953307393	0.0003891050583657588	0.0019455252918287938	0.012451361867704281	0.09105058365758754	0.05058365758754864	0.018287937743190662	0.0019455252918287938	0.03463035019455253	0.06848249027237355	0.03501945525291829	0.09105058365758754	0.32334630350194554	
0.35738831615120276	0.6426116838487973	0.2633390705679862	0.09466437177280551	0.09466437177280551	0.5473321858864028	0.20689655172413793	0.056896551724137934	0.005172413793103448	0.08793103448275862	0.056896551724137934	0.03793103448275862	0.0896551724137931	0.4586206896551724	0.16407599309153714	0.04317789291882556	0.0034542314335060447	0.0535405872193437	0.0017271157167530224	0.0034542314335060447	0.0069084628670120895	0.08117443868739206	0.04317789291882556	0.013816925734024179	0.0017271157167530224	0.03454231433506045	0.055267702936096716	0.03454231433506045	0.08290155440414508	0.3765112262521589	
0.3606625258799172	0.6393374741200828	0.24855012427506215	0.11226180613090307	0.11184755592377796	0.5273405136702568	0.17447161210111894	0.0741815167840862	0.0016576875259013675	0.11023622047244094	0.07376709490261085	0.03812681309573145	0.11023622047244094	0.41732283464566927	0.12230514096185738	0.05223880597014925	0.0012437810945273632	0.07296849087893864	0.00041459369817578774	0.0012437810945273632	0.01285240464344942	0.09742951907131012	0.051824212271973466	0.02197346600331675	0.00041459369817578774	0.03731343283582089	0.07338308457711443	0.036898839137645106	0.09742951907131012	0.3200663349917081	
0.3903666427030913	0.6096333572969087	0.2827338129496403	0.1079136690647482	0.10719424460431655	0.5021582733812949	0.21166306695464362	0.07127429805615551	0.004319654427645789	0.1029517638588913	0.07127429805615551	0.03599712023038157	0.1029517638588913	0.39956803455723544	0.15994236311239193	0.05187319884726225	0.0036023054755043226	0.06772334293948126	0.002161383285302594	0.002161383285302594	0.015129682997118156	0.08789625360230548	0.05187319884726225	0.019452449567723344	0.0007204610951008645	0.0345821325648415	0.069164265129683	0.03386167146974063	0.08789625360230548	0.31195965417867433	
0.3649360421369451	0.6350639578630549	0.24614226571321038	0.11893112532931878	0.11855476100865638	0.5163718479488144	0.17808734939759036	0.06814759036144578	0.006400602409638554	0.11219879518072289	0.0677710843373494	0.05082831325301205	0.11219879518072289	0.40436746987951805	0.13069679849340865	0.04745762711864407	0.0022598870056497176	0.06591337099811675	0.0011299435028248588	0.005273069679849341	0.01694915254237288	0.09529190207156309	0.04745762711864407	0.020338983050847456	0.004143126177024482	0.04632768361581921	0.06666666666666667	0.045574387947269306	0.09529190207156309	0.30922787193973633	
0.3844456701599559	0.6155543298400441	0.2763883780801765	0.10812798823096727	0.10794409709452005	0.5075395365943361	0.20838697811292992	0.0680522346882472	0.002391024462019496	0.10557292624609159	0.06786830972963032	0.04009564097848078	0.10557292624609159	0.4020599595365091	0.1580206033848418	0.0504047093451067	0.0012877115526122149	0.06677704194260485	0.0011037527593818985	0.0012877115526122149	0.010485651214128035	0.09510669610007358	0.05022075055187638	0.017660044150110375	0.0011037527593818985	0.03881530537159676	0.06677704194260485	0.03881530537159676	0.09510669610007358	0.3070272259013981	
0.32865168539325845	0.6713483146067416	0.21518987341772153	0.11392405063291139	0.11251758087201125	0.5583684950773559	0.1563380281690141	0.059154929577464786	0.009859154929577466	0.1028169014084507	0.057746478873239436	0.054929577464788736	0.1028169014084507	0.4563380281690141	0.11142454160789844	0.045133991537376586	0.005641748942172073	0.0535966149506347	0.004231311706629055	0.005641748942172073	0.00846262341325811	0.09449929478138223	0.045133991537376586	0.012693935119887164	0.004231311706629055	0.04936530324400564	0.0535966149506347	0.04936530324400564	0.09449929478138223	0.3624823695345557	
0.37585421412300685	0.6241457858769932	0.26267806267806265	0.11339031339031339	0.11282051282051282	0.5111111111111111	0.19099201824401368	0.07183580387685291	0.005131128848346636	0.10775370581527936	0.07126567844925884	0.04161915621436716	0.10775370581527936	0.40364880273660203	0.14204221334854536	0.04905875641756988	0.002852253280091272	0.06902452937820878	0.0017113519680547634	0.0034227039361095267	0.017113519680547633	0.09070165430690245	0.04848830576155162	0.022818026240730177	0.0022818026240730175	0.0387906446092413	0.06959498003422704	0.03822019395322305	0.09070165430690245	0.3131774101540217	
0.34250585480093676	0.6574941451990632	0.22898975109809663	0.11361639824304538	0.11332357247437774	0.5440702781844803	0.15875805506736965	0.070298769771529	0.004393673110720563	0.10896309314586995	0.07000585823081429	0.043350908025776215	0.10896309314586995	0.4352665495020504	0.1089950190448286	0.049809551714034575	0.0020509815411661296	0.06826838558452974	0.001464986815118664	0.002929973630237328	0.01259888661002051	0.09639613243480809	0.04951655435101084	0.020509815411661296	0.0023439789041898623	0.04072663346029886	0.06856138294755347	0.04043363609727513	0.09639613243480809	0.3389979490184588	
0.36455893832943015	0.6354410616705699	0.26015625	0.1046875	0.10390625	0.53125	0.19155590304925724	0.0688037529319781	0.006254886630179828	0.09773260359655982	0.06802189210320563	0.03596559812353401	0.09773260359655982	0.43393275996872555	0.14475743348982786	0.046948356807511735	0.003129890453834116	0.06572769953051644	0.002347417840375587	0.003912363067292645	0.012519561815336464	0.08528951486697965	0.04616588419405321	0.02190923317683881	0.003129890453834116	0.032081377151799685	0.06572769953051644	0.032081377151799685	0.08528951486697965	0.3489827856025039	
0.3667813068986445	0.6332186931013555	0.2622420072845002	0.10461351679481991	0.10441116956697694	0.528733306353703	0.19611414693381907	0.06618093503339405	0.0026310463468933415	0.10180125480671928	0.06597854685286379	0.038453754300748835	0.10180125480671928	0.42703906091884236	0.14777327935222673	0.04838056680161943	0.0012145748987854252	0.06497975708502024	0.0008097165991902834	0.0018218623481781376	0.01194331983805668	0.08987854251012145	0.04838056680161943	0.017611336032388663	0.001417004048582996	0.03684210526315789	0.06518218623481781	0.036639676113360324	0.08987854251012145	0.337246963562753	
0.37110481586402266	0.6288951841359773	0.2720647773279352	0.09919028340080972	0.09919028340080972	0.5295546558704454	0.212636695018226	0.05953827460510328	0.0036452004860267314	0.09518023491292021	0.05953827460510328	0.03969218307006885	0.0955852571891454	0.43418388011340625	0.163290113452188	0.04943273905996758	0.0012155591572123178	0.05834683954619125	0.0008103727714748784	0.0028363047001620746	0.005672609400324149	0.08954619124797407	0.04943273905996758	0.01012965964343598	0.0024311183144246355	0.03687196110210697	0.058752025931928686	0.03687196110210697	0.08995137763371151	0.34440842787682335	
0.3275862068965517	0.6724137931034483	0.2132564841498559	0.11527377521613832	0.11239193083573487	0.5590778097982709	0.1531791907514451	0.06069364161849711	0.008670520231213872	0.10404624277456648	0.06069364161849711	0.05202312138728324	0.10404624277456648	0.45664739884393063	0.11594202898550725	0.03768115942028986	0.002898550724637681	0.057971014492753624	0.002898550724637681	0.005797101449275362	0.008695652173913044	0.09565217391304348	0.03768115942028986	0.02318840579710145	0.002898550724637681	0.0463768115942029	0.057971014492753624	0.0463768115942029	0.09565217391304348	0.36231884057971014	
0.36428304005990264	0.6357169599400974	0.2550561797752809	0.10936329588014981	0.10898876404494381	0.5265917602996255	0.18621206444361185	0.06893967778194081	0.006369426751592357	0.10266017234919446	0.06856500562008243	0.040464593480704386	0.10266017234919446	0.4241288872236793	0.13418290854572715	0.05209895052473763	0.0018740629685157421	0.06709145427286357	0.002623688155922039	0.0037481259370314842	0.012368815592203899	0.09032983508245877	0.05172413793103448	0.01686656671664168	0.004497751124437781	0.0356071964017991	0.06596701649175413	0.03673163418290855	0.09032983508245877	0.3339580209895052	
0.40250447227191416	0.5974955277280859	0.29594272076372313	0.10680190930787589	0.10620525059665871	0.49105011933174225	0.2244776119402985	0.07164179104477612	0.001791044776119403	0.1044776119402985	0.07164179104477612	0.03462686567164179	0.1044776119402985	0.38686567164179103	0.17204301075268819	0.052568697729988054	0.0005973715651135006	0.07108721624850657	0.0005973715651135006	0.0011947431302270011	0.007765830346475508	0.0967741935483871	0.052568697729988054	0.019115890083632018	0.0011947431302270011	0.032855436081242535	0.07108721624850657	0.03345280764635603	0.0967741935483871	0.2903225806451613	
0.3708609271523179	0.6291390728476821	0.2551358515573227	0.11597084161696487	0.11530815109343936	0.513585155732273	0.18037135278514588	0.07493368700265252	0.006631299734748011	0.10875331564986737	0.07427055702917772	0.04111405835543767	0.10875331564986737	0.4051724137931034	0.12740544127405443	0.05308560053085601	0.0026542800265428003	0.07232913072329131	0.0019907100199071004	0.0046449900464499	0.013934970139349702	0.0948905109489051	0.05308560053085601	0.021234240212342402	0.003981420039814201	0.0364963503649635	0.07232913072329131	0.0364963503649635	0.0948905109489051	0.3105507631055076	
0.3128834355828221	0.6871165644171779	0.2	0.11384615384615385	0.11076923076923077	0.5753846153846154	0.12345679012345678	0.07716049382716049	0.006172839506172839	0.10493827160493827	0.07407407407407407	0.037037037037037035	0.10493827160493827	0.4722222222222222	0.06811145510835913	0.05572755417956656	0.0030959752321981426	0.07430340557275542	0.0	0.006191950464396285	0.0030959752321981426	0.1021671826625387	0.05263157894736842	0.021671826625386997	0.0030959752321981426	0.030959752321981424	0.07430340557275542	0.030959752321981424	0.1021671826625387	0.3715170278637771	
0.35020152261531573	0.6497984773846843	0.24076147816349383	0.10951847704367301	0.10951847704367301	0.5402015677491602	0.17719534050179211	0.06362007168458782	0.004032258064516129	0.10528673835125447	0.06362007168458782	0.04592293906810036	0.10551075268817205	0.43481182795698925	0.12861304055568004	0.04862200313690343	0.001568451714093659	0.06206587497199193	0.002016580775263276	0.002016580775263276	0.008962581223392337	0.09634774815146763	0.04862200313690343	0.015012323549182164	0.002464709836432893	0.043244454402868025	0.061617745910822315	0.04391664799462245	0.09634774815146763	0.3385615057136455	
0.3710089399744572	0.6289910600255428	0.25806451612903225	0.11306291919514531	0.1127435324177579	0.5161290322580645	0.18626198083067091	0.07188498402555911	0.002875399361022364	0.10990415335463259	0.07188498402555911	0.04089456869009585	0.10990415335463259	0.40638977635782747	0.13870246085011187	0.047619047619047616	0.0009587727708533077	0.07094918504314478	0.001278363694471077	0.0015979546180888463	0.01725790987535954	0.09268136784915308	0.047619047619047616	0.024288910194950462	0.0019175455417066154	0.03867050175775008	0.070629594119527	0.039309683604985615	0.09268136784915308	0.31383828699264943	