0.0418269	0.04279961	0.04717685	0.01945437	0.03501787	0.06906301	0.07052209	0.03355879	0.04912229	0.07052209	0.1026218	0.04279961	0.02529068	0.02577704	0.04474505	0.01945437	0.1134753	0.14677226
0.04191678	0.04240418	0.04727822	0.01949617	0.03460571	0.06872402	0.07067363	0.0336309	0.04922784	0.07067363	0.10235492	0.04289158	0.02534503	0.02583243	0.0448412	0.01949617	0.11359919	0.14700838
0.0418269	0.04279961	0.04717685	0.01945437	0.03501787	0.06906301	0.07052209	0.03355879	0.04912229	0.07052209	0.1026218	0.04279961	0.02529068	0.02577704	0.04474505	0.01945437	0.1134753	0.14677226
0.0418269	0.04279961	0.04717685	0.01945437	0.03501787	0.06906301	0.07052209	0.03355879	0.04912229	0.07052209	0.1026218	0.04279961	0.02529068	0.02577704	0.04474505	0.01945437	0.1134753	0.14677226
0.0418269	0.04279961	0.04717685	0.01945437	0.03501787	0.06906301	0.07052209	0.03355879	0.04912229	0.07052209	0.1026218	0.04279961	0.02529068	0.02577704	0.04474505	0.01945437	0.1134753	0.14677226
0.0418269	0.04279961	0.04717685	0.01945437	0.03501787	0.06906301	0.07052209	0.03355879	0.04912229	0.07052209	0.1026218	0.04279961	0.02529068	0.02577704	0.04474505	0.01945437	0.1134753	0.14677226
0.04203644	0.04301403	0.0474132	0.01955183	0.0351933	0.06892021	0.0708754	0.03274932	0.04936838	0.0708754	0.10313592	0.04301403	0.02541738	0.02541738	0.04496922	0.01759665	0.11365266	0.14679924
0.0418269	0.04279961	0.04717685	0.01945437	0.03501787	0.06906301	0.07052209	0.03355879	0.04912229	0.07052209	0.1026218	0.04279961	0.02529068	0.02577704	0.04474505	0.01945437	0.1134753	0.14677226
0.0418269	0.04279961	0.04717685	0.01945437	0.03501787	0.06906301	0.07052209	0.03355879	0.04912229	0.07052209	0.1026218	0.04279961	0.02529068	0.02577704	0.04474505	0.01945437	0.1134753	0.14677226
0.0418269	0.04279961	0.04717685	0.01945437	0.03501787	0.06906301	0.07052209	0.03355879	0.04912229	0.07052209	0.1026218	0.04279961	0.02529068	0.02577704	0.04474505	0.01945437	0.1134753	0.14677226
0.0418269	0.04279961	0.04717685	0.01945437	0.03501787	0.06906301	0.07052209	0.03355879	0.04912229	0.07052209	0.1026218	0.04279961	0.02529068	0.02577704	0.04474505	0.01945437	0.1134753	0.14677226
0.05188047	0.05060263	0.06056981	0.03066826	0.04319113	0.04983592	0.05801412	0.03782419	0.06542562	0.05034706	0.06210322	0.04932478	0.03322395	0.03807975	0.04651353	0.01891209	0.11149363	0.14198984
0.05188047	0.05060263	0.06056981	0.03066826	0.04319113	0.04983592	0.05801412	0.03782419	0.06542562	0.05034706	0.06210322	0.04932478	0.03322395	0.03807975	0.04651353	0.01891209	0.11149363	0.14198984
0.05188047	0.05060263	0.06056981	0.03066826	0.04319113	0.04983592	0.05801412	0.03782419	0.06542562	0.05034706	0.06210322	0.04932478	0.03322395	0.03807975	0.04651353	0.01891209	0.11149363	0.14198984
0.05188047	0.05060263	0.06056981	0.03066826	0.04319113	0.04983592	0.05801412	0.03782419	0.06542562	0.05034706	0.06210322	0.04932478	0.03322395	0.03807975	0.04651353	0.01891209	0.11149363	0.14198984
0.05188047	0.05060263	0.06056981	0.03066826	0.04319113	0.04983592	0.05801412	0.03782419	0.06542562	0.05034706	0.06210322	0.04932478	0.03322395	0.03807975	0.04651353	0.01891209	0.11149363	0.14198984
0.05188047	0.05060263	0.06056981	0.03066826	0.04319113	0.04983592	0.05801412	0.03782419	0.06542562	0.05034706	0.06210322	0.04932478	0.03322395	0.03807975	0.04651353	0.01891209	0.11149363	0.14198984
0.05188047	0.05060263	0.06056981	0.03066826	0.04319113	0.04983592	0.05801412	0.03782419	0.06542562	0.05034706	0.06210322	0.04932478	0.03322395	0.03807975	0.04651353	0.01891209	0.11149363	0.14198984
0.05188047	0.05060263	0.06056981	0.03066826	0.04319113	0.04983592	0.05801412	0.03782419	0.06542562	0.05034706	0.06210322	0.04932478	0.03322395	0.03807975	0.04651353	0.01891209	0.11149363	0.14198984
0.05188047	0.05060263	0.06056981	0.03066826	0.04319113	0.04983592	0.05801412	0.03782419	0.06542562	0.05034706	0.06210322	0.04932478	0.03322395	0.03807975	0.04651353	0.01891209	0.11149363	0.14198984
0.0418269	0.04279961	0.04717685	0.01945437	0.03501787	0.06906301	0.07052209	0.03355879	0.04912229	0.07052209	0.1026218	0.04279961	0.02529068	0.02577704	0.04474505	0.01945437	0.1134753	0.14677226
0.0418269	0.04279961	0.04717685	0.01945437	0.03501787	0.06906301	0.07052209	0.03355879	0.04912229	0.07052209	0.1026218	0.04279961	0.02529068	0.02577704	0.04474505	0.01945437	0.1134753	0.14677226
0.0418269	0.04279961	0.04717685	0.01945437	0.03501787	0.06906301	0.07052209	0.03355879	0.04912229	0.07052209	0.1026218	0.04279961	0.02529068	0.02577704	0.04474505	0.01945437	0.1134753	0.14677226
0.0418269	0.04279961	0.04717685	0.01945437	0.03501787	0.06906301	0.07052209	0.03355879	0.04912229	0.07052209	0.1026218	0.04279961	0.02529068	0.02577704	0.04474505	0.01945437	0.1134753	0.14677226
0.05188047	0.05060263	0.06056981	0.03066826	0.04319113	0.04983592	0.05801412	0.03782419	0.06542562	0.05034706	0.06210322	0.04932478	0.03322395	0.03807975	0.04651353	0.01891209	0.11149363	0.14198984
0.05188047	0.05060263	0.06056981	0.03066826	0.04319113	0.04983592	0.05801412	0.03782419	0.06542562	0.05034706	0.06210322	0.04932478	0.03322395	0.03807975	0.04651353	0.01891209	0.11149363	0.14198984
0.04397324	0.04349002	0.0473558	0.02029534	0.03720813	0.06571825	0.0710337	0.03382557	0.04832225	0.07248337	0.10147672	0.04107391	0.02609401	0.02609401	0.04349002	0.01546312	0.11474489	0.14785763
0.04370511	0.04370511	0.04706704	0.02017159	0.03698125	0.06627808	0.07060056	0.03506014	0.04802759	0.07204139	0.10085794	0.04082345	0.0259349	0.02689545	0.04322483	0.01632938	0.11454908	0.14774712
0.05188047	0.05060263	0.06056981	0.03066826	0.04319113	0.04983592	0.05801412	0.03782419	0.06542562	0.05034706	0.06210322	0.04932478	0.03322395	0.03807975	0.04651353	0.01891209	0.11149363	0.14198984
0.05188047	0.05060263	0.06056981	0.03066826	0.04319113	0.04983592	0.05801412	0.03782419	0.06542562	0.05034706	0.06210322	0.04932478	0.03322395	0.03807975	0.04651353	0.01891209	0.11149363	0.14198984
0.05188047	0.05060263	0.06056981	0.03066826	0.04319113	0.04983592	0.05801412	0.03782419	0.06542562	0.05034706	0.06210322	0.04932478	0.03322395	0.03807975	0.04651353	0.01891209	0.11149363	0.14198984
0.05188047	0.05060263	0.06056981	0.03066826	0.04319113	0.04983592	0.05801412	0.03782419	0.06542562	0.05034706	0.06210322	0.04932478	0.03322395	0.03807975	0.04651353	0.01891209	0.11149363	0.14198984
0.05188047	0.05060263	0.06056981	0.03066826	0.04319113	0.04983592	0.05801412	0.03782419	0.06542562	0.05034706	0.06210322	0.04932478	0.03322395	0.03807975	0.04651353	0.01891209	0.11149363	0.14198984
0.05188047	0.05060263	0.06056981	0.03066826	0.04319113	0.04983592	0.05801412	0.03782419	0.06542562	0.05034706	0.06210322	0.04932478	0.03322395	0.03807975	0.04651353	0.01891209	0.11149363	0.14198984
0.05188047	0.05060263	0.06056981	0.03066826	0.04319113	0.04983592	0.05801412	0.03782419	0.06542562	0.05034706	0.06210322	0.04932478	0.03322395	0.03807975	0.04651353	0.01891209	0.11149363	0.14198984
0.04401621	0.04353252	0.04740207	0.02031517	0.03676079	0.06578247	0.07110311	0.03385862	0.04885316	0.0720705	0.10157587	0.04111404	0.02611951	0.02611951	0.04353252	0.01547823	0.11468857	0.14767714
0.0607501	0.04181501	0.06127608	0.02813966	0.03524032	0.04838969	0.05575334	0.03787019	0.06574687	0.05049359	0.0691657	0.04891567	0.03050655	0.03655526	0.04786372	0.02419485	0.11201814	0.14530526
0.04401621	0.04353252	0.04740207	0.02031517	0.03676079	0.06578247	0.07110311	0.03385862	0.04885316	0.0720705	0.10157587	0.04111404	0.02611951	0.02611951	0.04353252	0.01547823	0.11468857	0.14767714
0.0607501	0.04181501	0.06127608	0.02813966	0.03524032	0.04838969	0.05575334	0.03787019	0.06574687	0.05049359	0.0691657	0.04891567	0.03050655	0.03655526	0.04786372	0.02419485	0.11201814	0.14530526
0.04401621	0.04353252	0.04740207	0.02031517	0.03676079	0.06578247	0.07110311	0.03385862	0.04885316	0.0720705	0.10157587	0.04111404	0.02611951	0.02611951	0.04353252	0.01547823	0.11468857	0.14767714
0.0607501	0.04181501	0.06127608	0.02813966	0.03524032	0.04838969	0.05575334	0.03787019	0.06574687	0.05049359	0.0691657	0.04891567	0.03050655	0.03655526	0.04786372	0.02419485	0.11201814	0.14530526
0.04401621	0.04353252	0.04740207	0.02031517	0.03676079	0.06578247	0.07110311	0.03385862	0.04885316	0.0720705	0.10157587	0.04111404	0.02611951	0.02611951	0.04353252	0.01547823	0.11468857	0.14767714
0.0607501	0.04181501	0.06127608	0.02813966	0.03524032	0.04838969	0.05575334	0.03787019	0.06574687	0.05049359	0.0691657	0.04891567	0.03050655	0.03655526	0.04786372	0.02419485	0.11201814	0.14530526
0.04401621	0.04353252	0.04740207	0.02031517	0.03676079	0.06578247	0.07110311	0.03385862	0.04885316	0.0720705	0.10157587	0.04111404	0.02611951	0.02611951	0.04353252	0.01547823	0.11468857	0.14767714
0.0607501	0.04181501	0.06127608	0.02813966	0.03524032	0.04838969	0.05575334	0.03787019	0.06574687	0.05049359	0.0691657	0.04891567	0.03050655	0.03655526	0.04786372	0.02419485	0.11201814	0.14530526
0.05188047	0.05060263	0.06056981	0.03066826	0.04319113	0.04983592	0.05801412	0.03782419	0.06542562	0.05034706	0.06210322	0.04932478	0.03322395	0.03807975	0.04651353	0.01891209	0.11149363	0.14198984
0.05188047	0.05060263	0.06056981	0.03066826	0.04319113	0.04983592	0.05801412	0.03782419	0.06542562	0.05034706	0.06210322	0.04932478	0.03322395	0.03807975	0.04651353	0.01891209	0.11149363	0.14198984
0.05188047	0.05060263	0.06056981	0.03066826	0.04319113	0.04983592	0.05801412	0.03782419	0.06542562	0.05034706	0.06210322	0.04932478	0.03322395	0.03807975	0.04651353	0.01891209	0.11149363	0.14198984
0.05188047	0.05060263	0.06056981	0.03066826	0.04319113	0.04983592	0.05801412	0.03782419	0.06542562	0.05034706	0.06210322	0.04932478	0.03322395	0.03807975	0.04651353	0.01891209	0.11149363	0.14198984
0.05188047	0.05060263	0.06056981	0.03066826	0.04319113	0.04983592	0.05801412	0.03782419	0.06542562	0.05034706	0.06210322	0.04932478	0.03322395	0.03807975	0.04651353	0.01891209	0.11149363	0.14198984
0.05188047	0.05060263	0.06056981	0.03066826	0.04319113	0.04983592	0.05801412	0.03782419	0.06542562	0.05034706	0.06210322	0.04932478	0.03322395	0.03807975	0.04651353	0.01891209	0.11149363	0.14198984
0.05188047	0.05060263	0.06056981	0.03066826	0.04319113	0.04983592	0.05801412	0.03782419	0.06542562	0.05034706	0.06210322	0.04932478	0.03322395	0.03807975	0.04651353	0.01891209	0.11149363	0.14198984
0.05188047	0.05060263	0.06056981	0.03066826	0.04319113	0.04983592	0.05801412	0.03782419	0.06542562	0.05034706	0.06210322	0.04932478	0.03322395	0.03807975	0.04651353	0.01891209	0.11149363	0.14198984
0.05188047	0.05060263	0.06056981	0.03066826	0.04319113	0.04983592	0.05801412	0.03782419	0.06542562	0.05034706	0.06210322	0.04932478	0.03322395	0.03807975	0.04651353	0.01891209	0.11149363	0.14198984
0.05188047	0.05060263	0.06056981	0.03066826	0.04319113	0.04983592	0.05801412	0.03782419	0.06542562	0.05034706	0.06210322	0.04932478	0.03322395	0.03807975	0.04651353	0.01891209	0.11149363	0.14198984
0.05188047	0.05060263	0.06056981	0.03066826	0.04319113	0.04983592	0.05801412	0.03782419	0.06542562	0.05034706	0.06210322	0.04932478	0.03322395	0.03807975	0.04651353	0.01891209	0.11149363	0.14198984
0.05188047	0.05060263	0.06056981	0.03066826	0.04319113	0.04983592	0.05801412	0.03782419	0.06542562	0.05034706	0.06210322	0.04932478	0.03322395	0.03807975	0.04651353	0.01891209	0.11149363	0.14198984
0.05451836	0.04486909	0.05548329	0.03232505	0.04100939	0.04052692	0.0487288	0.039562	0.05886053	0.05258851	0.07526429	0.04824634	0.03280751	0.03184258	0.05548329	0.03136012	0.11111733	0.1454066
0.06334457	0.04180229	0.05642027	0.03385216	0.03436507	0.04385393	0.04898305	0.03667317	0.0602671	0.04923951	0.07155116	0.05282989	0.03744254	0.0289795	0.05667672	0.02821013	0.11036134	0.14514759
0.05451836	0.04486909	0.05548329	0.03232505	0.04100939	0.04052692	0.0487288	0.039562	0.05886053	0.05258851	0.07526429	0.04824634	0.03280751	0.03184258	0.05548329	0.03136012	0.11111733	0.1454066
0.06334457	0.04180229	0.05642027	0.03385216	0.03436507	0.04385393	0.04898305	0.03667317	0.0602671	0.04923951	0.07155116	0.05282989	0.03744254	0.0289795	0.05667672	0.02821013	0.11036134	0.14514759
0.05061051	0.03185636	0.06242819	0.01721271	0.02877349	0.07296134	0.0626851	0.03545305	0.05883151	0.06653869	0.10507461	0.04136189	0.02389227	0.02877349	0.04136189	0.01412984	0.11191817	0.14613689
0.05061051	0.03185636	0.06242819	0.01721271	0.02877349	0.07296134	0.0626851	0.03545305	0.05883151	0.06653869	0.10507461	0.04136189	0.02389227	0.02877349	0.04136189	0.01412984	0.11191817	0.14613689
0.06334457	0.04180229	0.05642027	0.03385216	0.03436507	0.04385393	0.04898305	0.03667317	0.0602671	0.04923951	0.07155116	0.05282989	0.03744254	0.0289795	0.05667672	0.02821013	0.11036134	0.14514759
0.05188047	0.05060263	0.06056981	0.03066826	0.04319113	0.04983592	0.05801412	0.03782419	0.06542562	0.05034706	0.06210322	0.04932478	0.03322395	0.03807975	0.04651353	0.01891209	0.11149363	0.14198984
0.0418269	0.04279961	0.04717685	0.01945437	0.03501787	0.06906301	0.07052209	0.03355879	0.04912229	0.07052209	0.1026218	0.04279961	0.02529068	0.02577704	0.04474505	0.01945437	0.1134753	0.14677226
0.0418269	0.04279961	0.04717685	0.01945437	0.03501787	0.06906301	0.07052209	0.03355879	0.04912229	0.07052209	0.1026218	0.04279961	0.02529068	0.02577704	0.04474505	0.01945437	0.1134753	0.14677226
0.0418269	0.04279961	0.04717685	0.01945437	0.03501787	0.06906301	0.07052209	0.03355879	0.04912229	0.07052209	0.1026218	0.04279961	0.02529068	0.02577704	0.04474505	0.01945437	0.1134753	0.14677226
0.0418269	0.04279961	0.04717685	0.01945437	0.03501787	0.06906301	0.07052209	0.03355879	0.04912229	0.07052209	0.1026218	0.04279961	0.02529068	0.02577704	0.04474505	0.01945437	0.1134753	0.14677226
0.05929165	0.04201974	0.0605806	0.02809909	0.03505941	0.04846448	0.05465144	0.03892626	0.06547861	0.05001122	0.07037661	0.04769111	0.03016141	0.03686394	0.04769111	0.02681014	0.1117374	0.1460858
0.05167081	0.04988024	0.06164686	0.02967235	0.04374113	0.04962444	0.05653094	0.03836941	0.06599539	0.05013604	0.06190266	0.05013604	0.03171872	0.03862521	0.04783387	0.0196963	0.11133898	0.14148061
0.05167081	0.04988024	0.06164686	0.02967235	0.04374113	0.04962444	0.05653094	0.03836941	0.06599539	0.05013604	0.06190266	0.05013604	0.03171872	0.03862521	0.04783387	0.0196963	0.11133898	0.14148061
0.05167081	0.04988024	0.06164686	0.02967235	0.04374113	0.04962444	0.05653094	0.03836941	0.06599539	0.05013604	0.06190266	0.05013604	0.03171872	0.03862521	0.04783387	0.0196963	0.11133898	0.14148061
0.05140983	0.04987521	0.06164064	0.02966935	0.04348095	0.04961944	0.056781	0.03836554	0.06624451	0.05013098	0.06189641	0.05013098	0.03171552	0.03862131	0.04782904	0.01969431	0.11144458	0.1414504
0.05140983	0.04987521	0.06164064	0.02966935	0.04348095	0.04961944	0.056781	0.03836554	0.06624451	0.05013098	0.06189641	0.05013098	0.03171552	0.03862131	0.04782904	0.01969431	0.11144458	0.1414504
0.05167081	0.04988024	0.06164686	0.02967235	0.04374113	0.04962444	0.05653094	0.03836941	0.06599539	0.05013604	0.06190266	0.05013604	0.03171872	0.03862521	0.04783387	0.0196963	0.11133898	0.14148061
0.05167081	0.04988024	0.06164686	0.02967235	0.04374113	0.04962444	0.05653094	0.03836941	0.06599539	0.05013604	0.06190266	0.05013604	0.03171872	0.03862521	0.04783387	0.0196963	0.11133898	0.14148061
0.05064153	0.03206449	0.06209314	0.01705016	0.02951969	0.0740537	0.06311106	0.03486377	0.05802145	0.06794618	0.10484579	0.04071681	0.02366665	0.02773833	0.04122577	0.0139964	0.11218916	0.14625593
0.0418269	0.04279961	0.04717685	0.01945437	0.03501787	0.06906301	0.07052209	0.03355879	0.04912229	0.07052209	0.1026218	0.04279961	0.02529068	0.02577704	0.04474505	0.01945437	0.1134753	0.14677226
0.05451836	0.04486909	0.05548329	0.03232505	0.04100939	0.04052692	0.0487288	0.039562	0.05886053	0.05258851	0.07526429	0.04824634	0.03280751	0.03184258	0.05548329	0.03136012	0.11111733	0.1454066
0.06334457	0.04180229	0.05642027	0.03385216	0.03436507	0.04385393	0.04898305	0.03667317	0.0602671	0.04923951	0.07155116	0.05282989	0.03744254	0.0289795	0.05667672	0.02821013	0.11036134	0.14514759
0.05451836	0.04486909	0.05548329	0.03232505	0.04100939	0.04052692	0.0487288	0.039562	0.05886053	0.05258851	0.07526429	0.04824634	0.03280751	0.03184258	0.05548329	0.03136012	0.11111733	0.1454066
0.06334457	0.04180229	0.05642027	0.03385216	0.03436507	0.04385393	0.04898305	0.03667317	0.0602671	0.04923951	0.07155116	0.05282989	0.03744254	0.0289795	0.05667672	0.02821013	0.11036134	0.14514759
0.0418269	0.04279961	0.04717685	0.01945437	0.03501787	0.06906301	0.07052209	0.03355879	0.04912229	0.07052209	0.1026218	0.04279961	0.02529068	0.02577704	0.04474505	0.01945437	0.1134753	0.14677226
0.05062724	0.03205544	0.06207561	0.01704535	0.02951135	0.0742872	0.06309324	0.03485393	0.05800508	0.067927	0.10481619	0.04070532	0.02365997	0.0277305	0.04121413	0.01399245	0.11215748	0.14624254
0.0418269	0.04279961	0.04717685	0.01945437	0.03501787	0.06906301	0.07052209	0.03355879	0.04912229	0.07052209	0.1026218	0.04279961	0.02529068	0.02577704	0.04474505	0.01945437	0.1134753	0.14677226
0.05062724	0.03205544	0.06207561	0.01704535	0.02951135	0.0742872	0.06309324	0.03485393	0.05800508	0.067927	0.10481619	0.04070532	0.02365997	0.0277305	0.04121413	0.01399245	0.11215748	0.14624254
0.0418269	0.04279961	0.04717685	0.01945437	0.03501787	0.06906301	0.07052209	0.03355879	0.04912229	0.07052209	0.1026218	0.04279961	0.02529068	0.02577704	0.04474505	0.01945437	0.1134753	0.14677226
0.05062724	0.03205544	0.06207561	0.01704535	0.02951135	0.0742872	0.06309324	0.03485393	0.05800508	0.067927	0.10481619	0.04070532	0.02365997	0.0277305	0.04121413	0.01399245	0.11215748	0.14624254
0.05929165	0.04201974	0.0605806	0.02809909	0.03505941	0.04846448	0.05465144	0.03892626	0.06547861	0.05001122	0.07037661	0.04769111	0.03016141	0.03686394	0.04769111	0.02681014	0.1117374	0.1460858
0.0418742	0.04284802	0.0472302	0.01947637	0.03505747	0.06914112	0.07060185	0.03310983	0.04917784	0.07060185	0.10273786	0.04284802	0.02531928	0.02580619	0.04479566	0.01898946	0.11358052	0.14680424
0.04211065	0.04260031	0.0474969	0.01958635	0.03525543	0.06855223	0.07100052	0.03231748	0.04945554	0.07100052	0.103318	0.04308997	0.02546226	0.0249726	0.04504861	0.01811737	0.11373146	0.1468838
0.0418269	0.04279961	0.04717685	0.01945437	0.03501787	0.06906301	0.07052209	0.03355879	0.04912229	0.07052209	0.1026218	0.04279961	0.02529068	0.02577704	0.04474505	0.01945437	0.1134753	0.14677226
0.05062724	0.03205544	0.06207561	0.01704535	0.02951135	0.0742872	0.06309324	0.03485393	0.05800508	0.067927	0.10481619	0.04070532	0.02365997	0.0277305	0.04121413	0.01399245	0.11215748	0.14624254
0.0418269	0.04279961	0.04717685	0.01945437	0.03501787	0.06906301	0.07052209	0.03355879	0.04912229	0.07052209	0.1026218	0.04279961	0.02529068	0.02577704	0.04474505	0.01945437	0.1134753	0.14677226
0.05062724	0.03205544	0.06207561	0.01704535	0.02951135	0.0742872	0.06309324	0.03485393	0.05800508	0.067927	0.10481619	0.04070532	0.02365997	0.0277305	0.04121413	0.01399245	0.11215748	0.14624254
0.0418269	0.04279961	0.04717685	0.01945437	0.03501787	0.06906301	0.07052209	0.03355879	0.04912229	0.07052209	0.1026218	0.04279961	0.02529068	0.02577704	0.04474505	0.01945437	0.1134753	0.14677226
0.05062724	0.03205544	0.06207561	0.01704535	0.02951135	0.0742872	0.06309324	0.03485393	0.05800508	0.067927	0.10481619	0.04070532	0.02365997	0.0277305	0.04121413	0.01399245	0.11215748	0.14624254
0.0418269	0.04279961	0.04717685	0.01945437	0.03501787	0.06906301	0.07052209	0.03355879	0.04912229	0.07052209	0.1026218	0.04279961	0.02529068	0.02577704	0.04474505	0.01945437	0.1134753	0.14677226
0.05451836	0.04486909	0.05548329	0.03232505	0.04100939	0.04052692	0.0487288	0.039562	0.05886053	0.05258851	0.07526429	0.04824634	0.03280751	0.03184258	0.05548329	0.03136012	0.11111733	0.1454066
0.06334457	0.04180229	0.05642027	0.03385216	0.03436507	0.04385393	0.04898305	0.03667317	0.0602671	0.04923951	0.07155116	0.05282989	0.03744254	0.0289795	0.05667672	0.02821013	0.11036134	0.14514759
0.05451836	0.04486909	0.05548329	0.03232505	0.04100939	0.04052692	0.0487288	0.039562	0.05886053	0.05258851	0.07526429	0.04824634	0.03280751	0.03184258	0.05548329	0.03136012	0.11111733	0.1454066
0.06334457	0.04180229	0.05642027	0.03385216	0.03436507	0.04385393	0.04898305	0.03667317	0.0602671	0.04923951	0.07155116	0.05282989	0.03744254	0.0289795	0.05667672	0.02821013	0.11036134	0.14514759
0.0418269	0.04279961	0.04717685	0.01945437	0.03501787	0.06906301	0.07052209	0.03355879	0.04912229	0.07052209	0.1026218	0.04279961	0.02529068	0.02577704	0.04474505	0.01945437	0.1134753	0.14677226
0.05079343	0.0311143	0.06196267	0.01728572	0.02845496	0.07419565	0.06382421	0.03510332	0.05877146	0.06781322	0.10530995	0.040422	0.02313628	0.0287209	0.04095387	0.01303078	0.11244698	0.1466603
0.0418269	0.04279961	0.04717685	0.01945437	0.03501787	0.06906301	0.07052209	0.03355879	0.04912229	0.07052209	0.1026218	0.04279961	0.02529068	0.02577704	0.04474505	0.01945437	0.1134753	0.14677226
0.05079343	0.0311143	0.06196267	0.01728572	0.02845496	0.07419565	0.06382421	0.03510332	0.05877146	0.06781322	0.10530995	0.040422	0.02313628	0.0287209	0.04095387	0.01303078	0.11244698	0.1466603
0.05188047	0.05060263	0.06056981	0.03066826	0.04319113	0.04983592	0.05801412	0.03782419	0.06542562	0.05034706	0.06210322	0.04932478	0.03322395	0.03807975	0.04651353	0.01891209	0.11149363	0.14198984
0.05188047	0.05060263	0.06056981	0.03066826	0.04319113	0.04983592	0.05801412	0.03782419	0.06542562	0.05034706	0.06210322	0.04932478	0.03322395	0.03807975	0.04651353	0.01891209	0.11149363	0.14198984
0.04183286	0.04231929	0.04767	0.01945714	0.03502286	0.06907286	0.07004572	0.03356357	0.04912929	0.07053215	0.10312287	0.04280572	0.02529429	0.02578072	0.04475143	0.01945714	0.11342021	0.14672187
0.05188047	0.05060263	0.06056981	0.03066826	0.04319113	0.04983592	0.05801412	0.03782419	0.06542562	0.05034706	0.06210322	0.04932478	0.03322395	0.03807975	0.04651353	0.01891209	0.11149363	0.14198984
0.05451836	0.04486909	0.05548329	0.03232505	0.04100939	0.04052692	0.0487288	0.039562	0.05886053	0.05258851	0.07526429	0.04824634	0.03280751	0.03184258	0.05548329	0.03136012	0.11111733	0.1454066
0.06334457	0.04180229	0.05642027	0.03385216	0.03436507	0.04385393	0.04898305	0.03667317	0.0602671	0.04923951	0.07155116	0.05282989	0.03744254	0.0289795	0.05667672	0.02821013	0.11036134	0.14514759
0.05451836	0.04486909	0.05548329	0.03232505	0.04100939	0.04052692	0.0487288	0.039562	0.05886053	0.05258851	0.07526429	0.04824634	0.03280751	0.03184258	0.05548329	0.03136012	0.11111733	0.1454066
0.06334457	0.04180229	0.05642027	0.03385216	0.03436507	0.04385393	0.04898305	0.03667317	0.0602671	0.04923951	0.07155116	0.05282989	0.03744254	0.0289795	0.05667672	0.02821013	0.11036134	0.14514759
0.05451836	0.04486909	0.05548329	0.03232505	0.04100939	0.04052692	0.0487288	0.039562	0.05886053	0.05258851	0.07526429	0.04824634	0.03280751	0.03184258	0.05548329	0.03136012	0.11111733	0.1454066
0.06334457	0.04180229	0.05642027	0.03385216	0.03436507	0.04385393	0.04898305	0.03667317	0.0602671	0.04923951	0.07155116	0.05282989	0.03744254	0.0289795	0.05667672	0.02821013	0.11036134	0.14514759
0.05451836	0.04486909	0.05548329	0.03232505	0.04100939	0.04052692	0.0487288	0.039562	0.05886053	0.05258851	0.07526429	0.04824634	0.03280751	0.03184258	0.05548329	0.03136012	0.11111733	0.1454066
0.06334457	0.04180229	0.05642027	0.03385216	0.03436507	0.04385393	0.04898305	0.03667317	0.0602671	0.04923951	0.07155116	0.05282989	0.03744254	0.0289795	0.05667672	0.02821013	0.11036134	0.14514759
0.05451836	0.04486909	0.05548329	0.03232505	0.04100939	0.04052692	0.0487288	0.039562	0.05886053	0.05258851	0.07526429	0.04824634	0.03280751	0.03184258	0.05548329	0.03136012	0.11111733	0.1454066
0.06334457	0.04180229	0.05642027	0.03385216	0.03436507	0.04385393	0.04898305	0.03667317	0.0602671	0.04923951	0.07155116	0.05282989	0.03744254	0.0289795	0.05667672	0.02821013	0.11036134	0.14514759
0.05451836	0.04486909	0.05548329	0.03232505	0.04100939	0.04052692	0.0487288	0.039562	0.05886053	0.05258851	0.07526429	0.04824634	0.03280751	0.03184258	0.05548329	0.03136012	0.11111733	0.1454066
0.06334457	0.04180229	0.05642027	0.03385216	0.03436507	0.04385393	0.04898305	0.03667317	0.0602671	0.04923951	0.07155116	0.05282989	0.03744254	0.0289795	0.05667672	0.02821013	0.11036134	0.14514759
0.05451836	0.04486909	0.05548329	0.03232505	0.04100939	0.04052692	0.0487288	0.039562	0.05886053	0.05258851	0.07526429	0.04824634	0.03280751	0.03184258	0.05548329	0.03136012	0.11111733	0.1454066
0.06334457	0.04180229	0.05642027	0.03385216	0.03436507	0.04385393	0.04898305	0.03667317	0.0602671	0.04923951	0.07155116	0.05282989	0.03744254	0.0289795	0.05667672	0.02821013	0.11036134	0.14514759
0.05451836	0.04486909	0.05548329	0.03232505	0.04100939	0.04052692	0.0487288	0.039562	0.05886053	0.05258851	0.07526429	0.04824634	0.03280751	0.03184258	0.05548329	0.03136012	0.11111733	0.1454066
0.06334457	0.04180229	0.05642027	0.03385216	0.03436507	0.04385393	0.04898305	0.03667317	0.0602671	0.04923951	0.07155116	0.05282989	0.03744254	0.0289795	0.05667672	0.02821013	0.11036134	0.14514759
0.05326194	0.04895795	0.06052493	0.03093497	0.04250195	0.04922695	0.05756594	0.03765996	0.06536693	0.05030294	0.06348393	0.04895795	0.03254896	0.03846696	0.04626795	0.01936798	0.11163615	0.14296568
0.04183286	0.04231929	0.04767	0.01945714	0.03502286	0.06907286	0.07004572	0.03356357	0.04912929	0.07053215	0.10312287	0.04280572	0.02529429	0.02578072	0.04475143	0.01945714	0.11342021	0.14672187
0.05451836	0.04486909	0.05548329	0.03232505	0.04100939	0.04052692	0.0487288	0.039562	0.05886053	0.05258851	0.07526429	0.04824634	0.03280751	0.03184258	0.05548329	0.03136012	0.11111733	0.1454066
0.06334457	0.04180229	0.05642027	0.03385216	0.03436507	0.04385393	0.04898305	0.03667317	0.0602671	0.04923951	0.07155116	0.05282989	0.03744254	0.0289795	0.05667672	0.02821013	0.11036134	0.14514759
0.05451836	0.04486909	0.05548329	0.03232505	0.04100939	0.04052692	0.0487288	0.039562	0.05886053	0.05258851	0.07526429	0.04824634	0.03280751	0.03184258	0.05548329	0.03136012	0.11111733	0.1454066
0.06334457	0.04180229	0.05642027	0.03385216	0.03436507	0.04385393	0.04898305	0.03667317	0.0602671	0.04923951	0.07155116	0.05282989	0.03744254	0.0289795	0.05667672	0.02821013	0.11036134	0.14514759
0.05451836	0.04486909	0.05548329	0.03232505	0.04100939	0.04052692	0.0487288	0.039562	0.05886053	0.05258851	0.07526429	0.04824634	0.03280751	0.03184258	0.05548329	0.03136012	0.11111733	0.1454066
0.06334457	0.04180229	0.05642027	0.03385216	0.03436507	0.04385393	0.04898305	0.03667317	0.0602671	0.04923951	0.07155116	0.05282989	0.03744254	0.0289795	0.05667672	0.02821013	0.11036134	0.14514759
0.05451836	0.04486909	0.05548329	0.03232505	0.04100939	0.04052692	0.0487288	0.039562	0.05886053	0.05258851	0.07526429	0.04824634	0.03280751	0.03184258	0.05548329	0.03136012	0.11111733	0.1454066
0.06334457	0.04180229	0.05642027	0.03385216	0.03436507	0.04385393	0.04898305	0.03667317	0.0602671	0.04923951	0.07155116	0.05282989	0.03744254	0.0289795	0.05667672	0.02821013	0.11036134	0.14514759
0.09590031	0.04640338	0.06496473	0.07115185	0.03402914	0.02784203	0.02474847	0.04640338	0.06496473	0.02165491	0.04640338	0.0371227	0.08352608	0.0371227	0.03402914	0.02165491	0.1001166	0.14196156
0.0418269	0.04279961	0.04717685	0.01945437	0.03501787	0.06906301	0.07052209	0.03355879	0.04912229	0.07052209	0.1026218	0.04279961	0.02529068	0.02577704	0.04474505	0.01945437	0.1134753	0.14677226
0.0418269	0.04279961	0.04717685	0.01945437	0.03501787	0.06906301	0.07052209	0.03355879	0.04912229	0.07052209	0.1026218	0.04279961	0.02529068	0.02577704	0.04474505	0.01945437	0.1134753	0.14677226
0.0418269	0.04279961	0.04717685	0.01945437	0.03501787	0.06906301	0.07052209	0.03355879	0.04912229	0.07052209	0.1026218	0.04279961	0.02529068	0.02577704	0.04474505	0.01945437	0.1134753	0.14677226
0.0418269	0.04279961	0.04717685	0.01945437	0.03501787	0.06906301	0.07052209	0.03355879	0.04912229	0.07052209	0.1026218	0.04279961	0.02529068	0.02577704	0.04474505	0.01945437	0.1134753	0.14677226
0.0418269	0.04279961	0.04717685	0.01945437	0.03501787	0.06906301	0.07052209	0.03355879	0.04912229	0.07052209	0.1026218	0.04279961	0.02529068	0.02577704	0.04474505	0.01945437	0.1134753	0.14677226
0.0418269	0.04279961	0.04717685	0.01945437	0.03501787	0.06906301	0.07052209	0.03355879	0.04912229	0.07052209	0.1026218	0.04279961	0.02529068	0.02577704	0.04474505	0.01945437	0.1134753	0.14677226
0.04228488	0.04277091	0.04714521	0.01944132	0.03499438	0.06901669	0.07047479	0.03353628	0.04908934	0.07047479	0.10255297	0.04277091	0.02527372	0.02575975	0.04471504	0.01944132	0.11339914	0.14685855
0.0418269	0.04279961	0.04717685	0.01945437	0.03501787	0.06906301	0.07052209	0.03355879	0.04912229	0.07052209	0.1026218	0.04279961	0.02529068	0.02577704	0.04474505	0.01945437	0.1134753	0.14677226
0.05090154	0.03144702	0.06209455	0.01732251	0.02851552	0.07435355	0.06369355	0.03491153	0.05889654	0.06742455	0.10526758	0.04050803	0.02345202	0.02851552	0.04077453	0.01305851	0.11233231	0.14653065
0.0418269	0.04279961	0.04717685	0.01945437	0.03501787	0.06906301	0.07052209	0.03355879	0.04912229	0.07052209	0.1026218	0.04279961	0.02529068	0.02577704	0.04474505	0.01945437	0.1134753	0.14677226
0.05090154	0.03144702	0.06209455	0.01732251	0.02851552	0.07435355	0.06369355	0.03491153	0.05889654	0.06742455	0.10526758	0.04050803	0.02345202	0.02851552	0.04077453	0.01305851	0.11233231	0.14653065
0.06334457	0.04180229	0.05642027	0.03385216	0.03436507	0.04385393	0.04898305	0.03667317	0.0602671	0.04923951	0.07155116	0.05282989	0.03744254	0.0289795	0.05667672	0.02821013	0.11036134	0.14514759
0.06334457	0.04180229	0.05642027	0.03385216	0.03436507	0.04385393	0.04898305	0.03667317	0.0602671	0.04923951	0.07155116	0.05282989	0.03744254	0.0289795	0.05667672	0.02821013	0.11036134	0.14514759
0.05451836	0.04486909	0.05548329	0.03232505	0.04100939	0.04052692	0.0487288	0.039562	0.05886053	0.05258851	0.07526429	0.04824634	0.03280751	0.03184258	0.05548329	0.03136012	0.11111733	0.1454066
0.05451836	0.04486909	0.05548329	0.03232505	0.04100939	0.04052692	0.0487288	0.039562	0.05886053	0.05258851	0.07526429	0.04824634	0.03280751	0.03184258	0.05548329	0.03136012	0.11111733	0.1454066
0.0418269	0.04279961	0.04717685	0.01945437	0.03501787	0.06906301	0.07052209	0.03355879	0.04912229	0.07052209	0.1026218	0.04279961	0.02529068	0.02577704	0.04474505	0.01945437	0.1134753	0.14677226
0.0418269	0.04279961	0.04717685	0.01945437	0.03501787	0.06906301	0.07052209	0.03355879	0.04912229	0.07052209	0.1026218	0.04279961	0.02529068	0.02577704	0.04474505	0.01945437	0.1134753	0.14677226
0.0418269	0.04279961	0.04717685	0.01945437	0.03501787	0.06906301	0.07052209	0.03355879	0.04912229	0.07052209	0.1026218	0.04279961	0.02529068	0.02577704	0.04474505	0.01945437	0.1134753	0.14677226
0.0418269	0.04279961	0.04717685	0.01945437	0.03501787	0.06906301	0.07052209	0.03355879	0.04912229	0.07052209	0.1026218	0.04279961	0.02529068	0.02577704	0.04474505	0.01945437	0.1134753	0.14677226
0.05047558	0.03154724	0.06178001	0.01708809	0.02865541	0.07571337	0.06335737	0.03496485	0.05862528	0.06730077	0.10620903	0.04048562	0.02313464	0.02839251	0.04101141	0.01288179	0.11212458	0.14625246
0.05047558	0.03154724	0.06178001	0.01708809	0.02865541	0.07571337	0.06335737	0.03496485	0.05862528	0.06730077	0.10620903	0.04048562	0.02313464	0.02839251	0.04101141	0.01288179	0.11212458	0.14625246
0.0418269	0.04279961	0.04717685	0.01945437	0.03501787	0.06906301	0.07052209	0.03355879	0.04912229	0.07052209	0.1026218	0.04279961	0.02529068	0.02577704	0.04474505	0.01945437	0.1134753	0.14677226
0.05047558	0.03154724	0.06178001	0.01708809	0.02865541	0.07571337	0.06335737	0.03496485	0.05862528	0.06730077	0.10620903	0.04048562	0.02313464	0.02839251	0.04101141	0.01288179	0.11212458	0.14625246
0.0418269	0.04279961	0.04717685	0.01945437	0.03501787	0.06906301	0.07052209	0.03355879	0.04912229	0.07052209	0.1026218	0.04279961	0.02529068	0.02577704	0.04474505	0.01945437	0.1134753	0.14677226
0.05047558	0.03154724	0.06178001	0.01708809	0.02865541	0.07571337	0.06335737	0.03496485	0.05862528	0.06730077	0.10620903	0.04048562	0.02313464	0.02839251	0.04101141	0.01288179	0.11212458	0.14625246
0.0418269	0.04279961	0.04717685	0.01945437	0.03501787	0.06906301	0.07052209	0.03355879	0.04912229	0.07052209	0.1026218	0.04279961	0.02529068	0.02577704	0.04474505	0.01945437	0.1134753	0.14677226
0.05087023	0.03118677	0.06237355	0.01712716	0.02939737	0.07464375	0.06339607	0.03502121	0.05777222	0.06850865	0.10506364	0.0401338	0.0235179	0.02837485	0.04038943	0.01354835	0.11230651	0.14636853
0.0418269	0.04279961	0.04717685	0.01945437	0.03501787	0.06906301	0.07052209	0.03355879	0.04912229	0.07052209	0.1026218	0.04279961	0.02529068	0.02577704	0.04474505	0.01945437	0.1134753	0.14677226
0.05087023	0.03118677	0.06237355	0.01712716	0.02939737	0.07464375	0.06339607	0.03502121	0.05777222	0.06850865	0.10506364	0.0401338	0.0235179	0.02837485	0.04038943	0.01354835	0.11230651	0.14636853
0.0418269	0.04279961	0.04717685	0.01945437	0.03501787	0.06906301	0.07052209	0.03355879	0.04912229	0.07052209	0.1026218	0.04279961	0.02529068	0.02577704	0.04474505	0.01945437	0.1134753	0.14677226
0.05065042	0.03207011	0.06210403	0.01705316	0.02952487	0.07432122	0.06312213	0.03486989	0.05803164	0.06770358	0.10486418	0.04072396	0.0236708	0.02799772	0.04097848	0.01399886	0.11210648	0.14620849
0.0418269	0.04279961	0.04717685	0.01945437	0.03501787	0.06906301	0.07052209	0.03355879	0.04912229	0.07052209	0.1026218	0.04279961	0.02529068	0.02577704	0.04474505	0.01945437	0.1134753	0.14677226
0.05065042	0.03207011	0.06210403	0.01705316	0.02952487	0.07432122	0.06312213	0.03486989	0.05803164	0.06770358	0.10486418	0.04072396	0.0236708	0.02799772	0.04097848	0.01399886	0.11210648	0.14620849
0.0418269	0.04279961	0.04717685	0.01945437	0.03501787	0.06906301	0.07052209	0.03355879	0.04912229	0.07052209	0.1026218	0.04279961	0.02529068	0.02577704	0.04474505	0.01945437	0.1134753	0.14677226
0.05065042	0.03207011	0.06210403	0.01705316	0.02952487	0.07432122	0.06312213	0.03486989	0.05803164	0.06770358	0.10486418	0.04072396	0.0236708	0.02799772	0.04097848	0.01399886	0.11210648	0.14620849
0.0418269	0.04279961	0.04717685	0.01945437	0.03501787	0.06906301	0.07052209	0.03355879	0.04912229	0.07052209	0.1026218	0.04279961	0.02529068	0.02577704	0.04474505	0.01945437	0.1134753	0.14677226
0.05065042	0.03207011	0.06210403	0.01705316	0.02952487	0.07432122	0.06312213	0.03486989	0.05803164	0.06770358	0.10486418	0.04072396	0.0236708	0.02799772	0.04097848	0.01399886	0.11210648	0.14620849
0.0418269	0.04279961	0.04717685	0.01945437	0.03501787	0.06906301	0.07052209	0.03355879	0.04912229	0.07052209	0.1026218	0.04279961	0.02529068	0.02577704	0.04474505	0.01945437	0.1134753	0.14677226
0.05065042	0.03207011	0.06210403	0.01705316	0.02952487	0.07432122	0.06312213	0.03486989	0.05803164	0.06770358	0.10486418	0.04072396	0.0236708	0.02799772	0.04097848	0.01399886	0.11210648	0.14620849
0.0418269	0.04279961	0.04717685	0.01945437	0.03501787	0.06906301	0.07052209	0.03355879	0.04912229	0.07052209	0.1026218	0.04279961	0.02529068	0.02577704	0.04474505	0.01945437	0.1134753	0.14677226
0.05065042	0.03207011	0.06210403	0.01705316	0.02952487	0.07432122	0.06312213	0.03486989	0.05803164	0.06770358	0.10486418	0.04072396	0.0236708	0.02799772	0.04097848	0.01399886	0.11210648	0.14620849
0.0418269	0.04279961	0.04717685	0.01945437	0.03501787	0.06906301	0.07052209	0.03355879	0.04912229	0.07052209	0.1026218	0.04279961	0.02529068	0.02577704	0.04474505	0.01945437	0.1134753	0.14677226
0.05053086	0.03229808	0.061731	0.01693044	0.02917246	0.07475442	0.06433569	0.03438182	0.05834491	0.06798224	0.10627109	0.0403726	0.02318168	0.02760965	0.04063306	0.01302342	0.11223913	0.14620744
0.0418269	0.04279961	0.04717685	0.01945437	0.03501787	0.06906301	0.07052209	0.03355879	0.04912229	0.07052209	0.1026218	0.04279961	0.02529068	0.02577704	0.04474505	0.01945437	0.1134753	0.14677226
0.05053086	0.03229808	0.061731	0.01693044	0.02917246	0.07475442	0.06433569	0.03438182	0.05834491	0.06798224	0.10627109	0.0403726	0.02318168	0.02760965	0.04063306	0.01302342	0.11223913	0.14620744
0.0418269	0.04279961	0.04717685	0.01945437	0.03501787	0.06906301	0.07052209	0.03355879	0.04912229	0.07052209	0.1026218	0.04279961	0.02529068	0.02577704	0.04474505	0.01945437	0.1134753	0.14677226
0.05065047	0.03207014	0.06210409	0.01705317	0.02952489	0.07406676	0.06312219	0.03486992	0.05803169	0.06770364	0.10511881	0.04072399	0.02367082	0.02799774	0.04097852	0.01399887	0.11210612	0.14620817
0.07481467	0.04018616	0.05130149	0.05472159	0.04061368	0.02522323	0.03078089	0.03890363	0.05215651	0.03334597	0.04959144	0.05001895	0.05343905	0.03676607	0.05343905	0.06369935	0.1056507	0.1453476
0.07481467	0.04018616	0.05130149	0.05472159	0.04061368	0.02522323	0.03078089	0.03890363	0.05215651	0.03334597	0.04959144	0.05001895	0.05343905	0.03676607	0.05343905	0.06369935	0.1056507	0.1453476
0.0418269	0.04279961	0.04717685	0.01945437	0.03501787	0.06906301	0.07052209	0.03355879	0.04912229	0.07052209	0.1026218	0.04279961	0.02529068	0.02577704	0.04474505	0.01945437	0.1134753	0.14677226
0.05065047	0.03207014	0.06210409	0.01705317	0.02952489	0.07406676	0.06312219	0.03486992	0.05803169	0.06770364	0.10511881	0.04072399	0.02367082	0.02799774	0.04097852	0.01399887	0.11210612	0.14620817
0.0418269	0.04279961	0.04717685	0.01945437	0.03501787	0.06906301	0.07052209	0.03355879	0.04912229	0.07052209	0.1026218	0.04279961	0.02529068	0.02577704	0.04474505	0.01945437	0.1134753	0.14677226
0.05065047	0.03207014	0.06210409	0.01705317	0.02952489	0.07406676	0.06312219	0.03486992	0.05803169	0.06770364	0.10511881	0.04072399	0.02367082	0.02799774	0.04097852	0.01399887	0.11210612	0.14620817
0.0418269	0.04279961	0.04717685	0.01945437	0.03501787	0.06906301	0.07052209	0.03355879	0.04912229	0.07052209	0.1026218	0.04279961	0.02529068	0.02577704	0.04474505	0.01945437	0.1134753	0.14677226
0.05065047	0.03207014	0.06210409	0.01705317	0.02952489	0.07406676	0.06312219	0.03486992	0.05803169	0.06770364	0.10511881	0.04072399	0.02367082	0.02799774	0.04097852	0.01399887	0.11210612	0.14620817
0.0418269	0.04279961	0.04717685	0.01945437	0.03501787	0.06906301	0.07052209	0.03355879	0.04912229	0.07052209	0.1026218	0.04279961	0.02529068	0.02577704	0.04474505	0.01945437	0.1134753	0.14677226
0.05065047	0.03207014	0.06210409	0.01705317	0.02952489	0.07406676	0.06312219	0.03486992	0.05803169	0.06770364	0.10511881	0.04072399	0.02367082	0.02799774	0.04097852	0.01399887	0.11210612	0.14620817
0.0418269	0.04279961	0.04717685	0.01945437	0.03501787	0.06906301	0.07052209	0.03355879	0.04912229	0.07052209	0.1026218	0.04279961	0.02529068	0.02577704	0.04474505	0.01945437	0.1134753	0.14677226
0.05065047	0.03207014	0.06210409	0.01705317	0.02952489	0.07406676	0.06312219	0.03486992	0.05803169	0.06770364	0.10511881	0.04072399	0.02367082	0.02799774	0.04097852	0.01399887	0.11210612	0.14620817
0.0418269	0.04279961	0.04717685	0.01945437	0.03501787	0.06906301	0.07052209	0.03355879	0.04912229	0.07052209	0.1026218	0.04279961	0.02529068	0.02577704	0.04474505	0.01945437	0.1134753	0.14677226
0.05065047	0.03207014	0.06210409	0.01705317	0.02952489	0.07406676	0.06312219	0.03486992	0.05803169	0.06770364	0.10511881	0.04072399	0.02367082	0.02799774	0.04097852	0.01399887	0.11210612	0.14620817
0.0418269	0.04279961	0.04717685	0.01945437	0.03501787	0.06906301	0.07052209	0.03355879	0.04912229	0.07052209	0.1026218	0.04279961	0.02529068	0.02577704	0.04474505	0.01945437	0.1134753	0.14677226
0.05065047	0.03207014	0.06210409	0.01705317	0.02952489	0.07406676	0.06312219	0.03486992	0.05803169	0.06770364	0.10511881	0.04072399	0.02367082	0.02799774	0.04097852	0.01399887	0.11210612	0.14620817
0.0418269	0.04279961	0.04717685	0.01945437	0.03501787	0.06906301	0.07052209	0.03355879	0.04912229	0.07052209	0.1026218	0.04279961	0.02529068	0.02577704	0.04474505	0.01945437	0.1134753	0.14677226
0.05065047	0.03207014	0.06210409	0.01705317	0.02952489	0.07406676	0.06312219	0.03486992	0.05803169	0.06770364	0.10511881	0.04072399	0.02367082	0.02799774	0.04097852	0.01399887	0.11210612	0.14620817
0.05451836	0.04486909	0.05548329	0.03232505	0.04100939	0.04052692	0.0487288	0.039562	0.05886053	0.05258851	0.07526429	0.04824634	0.03280751	0.03184258	0.05548329	0.03136012	0.11111733	0.1454066
0.06334457	0.04180229	0.05642027	0.03385216	0.03436507	0.04385393	0.04898305	0.03667317	0.0602671	0.04923951	0.07155116	0.05282989	0.03744254	0.0289795	0.05667672	0.02821013	0.11036134	0.14514759
0.05451836	0.04486909	0.05548329	0.03232505	0.04100939	0.04052692	0.0487288	0.039562	0.05886053	0.05258851	0.07526429	0.04824634	0.03280751	0.03184258	0.05548329	0.03136012	0.11111733	0.1454066
0.06334457	0.04180229	0.05642027	0.03385216	0.03436507	0.04385393	0.04898305	0.03667317	0.0602671	0.04923951	0.07155116	0.05282989	0.03744254	0.0289795	0.05667672	0.02821013	0.11036134	0.14514759
0.05929165	0.04201974	0.0605806	0.02809909	0.03505941	0.04846448	0.05465144	0.03892626	0.06547861	0.05001122	0.07037661	0.04769111	0.03016141	0.03686394	0.04769111	0.02681014	0.1117374	0.1460858
0.05929165	0.04201974	0.0605806	0.02809909	0.03505941	0.04846448	0.05465144	0.03892626	0.06547861	0.05001122	0.07037661	0.04769111	0.03016141	0.03686394	0.04769111	0.02681014	0.1117374	0.1460858
0.05929165	0.04201974	0.0605806	0.02809909	0.03505941	0.04846448	0.05465144	0.03892626	0.06547861	0.05001122	0.07037661	0.04769111	0.03016141	0.03686394	0.04769111	0.02681014	0.1117374	0.1460858
0.04216454	0.04265482	0.04755768	0.01961141	0.03481026	0.06863995	0.07109137	0.03235883	0.04951882	0.07109137	0.1034502	0.04314511	0.02549484	0.02451427	0.04510625	0.01814056	0.11371548	0.14693425
0.0513925	0.0498584	0.06161986	0.02991504	0.04346629	0.04960271	0.05676187	0.03835261	0.06622218	0.05011408	0.06187555	0.05011408	0.03170483	0.0386083	0.04781292	0.01968767	0.11144031	0.1414508
0.0513925	0.0498584	0.06161986	0.02991504	0.04346629	0.04960271	0.05676187	0.03835261	0.06622218	0.05011408	0.06187555	0.05011408	0.03170483	0.0386083	0.04781292	0.01968767	0.11144031	0.1414508
0.05165569	0.04960992	0.06162882	0.03017511	0.04347261	0.04960992	0.0565144	0.03835819	0.06597608	0.05012137	0.06188454	0.05012137	0.03196516	0.03861391	0.04781988	0.01969054	0.11132397	0.14145851
0.05165288	0.05011863	0.06162546	0.02991775	0.04398166	0.04960722	0.05651131	0.03810039	0.06597248	0.05011863	0.06188117	0.05011863	0.03170771	0.0383561	0.04781727	0.01968946	0.11135403	0.14146922
0.05165007	0.04986022	0.06162212	0.02991613	0.04372358	0.04934883	0.05650825	0.03835402	0.06596891	0.05011591	0.06187781	0.05011591	0.03170599	0.03860971	0.04781467	0.01994409	0.11136794	0.14149583
0.05165393	0.04986394	0.06162672	0.02991837	0.04372684	0.05011966	0.05651247	0.03810117	0.06597383	0.05011966	0.06188243	0.05011966	0.03170835	0.03835688	0.04781824	0.01968986	0.11130451	0.14150348
0.05164457	0.0498549	0.06161555	0.02991294	0.04371891	0.04959924	0.05650222	0.03834993	0.06570621	0.05011057	0.06187121	0.05011057	0.03195827	0.03860559	0.04755391	0.01994196	0.11133447	0.14160899
0.05164657	0.04985684	0.06136226	0.0299141	0.04346494	0.04960116	0.05650442	0.03860709	0.06596443	0.05011251	0.06187361	0.05011251	0.03170383	0.03860709	0.0480671	0.01968706	0.11136395	0.14155052
0.05163959	0.0498501	0.06135397	0.02991006	0.04345906	0.0498501	0.05675242	0.03834623	0.06595551	0.05010574	0.06186525	0.05010574	0.03169955	0.03860187	0.04780497	0.0196844	0.11140012	0.14161535
0.05190613	0.04986057	0.06162254	0.02991634	0.04372388	0.04960487	0.05650864	0.03835428	0.06596936	0.05011626	0.06162254	0.05011626	0.03170621	0.03860998	0.047815	0.01968853	0.11138053	0.14147808
0.05164873	0.04985892	0.06162051	0.02991535	0.04397813	0.04960323	0.05650678	0.03835302	0.0657115	0.0503703	0.06162051	0.05011461	0.03170516	0.0386087	0.04781343	0.01968788	0.1113806	0.14150264
0.05165124	0.04986135	0.06187921	0.02991681	0.04372457	0.04960565	0.05650953	0.03835488	0.0659704	0.05011705	0.06162351	0.05011705	0.0319624	0.03861058	0.04756006	0.01968884	0.11135915	0.1414877
0.05165124	0.04986135	0.06187921	0.02991681	0.04372457	0.04960565	0.05650953	0.03835488	0.0659704	0.05011705	0.06162351	0.05011705	0.0319624	0.03861058	0.04756006	0.01968884	0.11135915	0.1414877
0.05929165	0.04201974	0.0605806	0.02809909	0.03505941	0.04846448	0.05465144	0.03892626	0.06547861	0.05001122	0.07037661	0.04769111	0.03016141	0.03686394	0.04769111	0.02681014	0.1117374	0.1460858
0.0513925	0.0498584	0.06161986	0.02991504	0.04346629	0.04960271	0.05676187	0.03835261	0.06622218	0.05011408	0.06187555	0.05011408	0.03170483	0.0386083	0.04781292	0.01968767	0.11144031	0.1414508
0.0513925	0.0498584	0.06161986	0.02991504	0.04346629	0.04960271	0.05676187	0.03835261	0.06622218	0.05011408	0.06187555	0.05011408	0.03170483	0.0386083	0.04781292	0.01968767	0.11144031	0.1414508
0.05214397	0.05061033	0.06057903	0.03067292	0.04345331	0.05035472	0.05776734	0.03757433	0.06517997	0.05035472	0.06211267	0.04933229	0.033229	0.03782994	0.0465206	0.01891497	0.11136246	0.14200743
0.05188047	0.05060263	0.06056981	0.03066826	0.04319113	0.04983592	0.05801412	0.03782419	0.06542562	0.05034706	0.06210322	0.04932478	0.03322395	0.03807975	0.04651353	0.01891209	0.11149363	0.14198984
0.04223761	0.04223761	0.04757799	0.01990508	0.03495526	0.06893954	0.06991052	0.03349879	0.04903446	0.07039601	0.10292383	0.0427231	0.02573096	0.02573096	0.04466506	0.01941959	0.11337955	0.14673408
0.05053308	0.03180762	0.06233268	0.01718638	0.02847295	0.07361926	0.06233268	0.03591183	0.05848499	0.06643689	0.10491386	0.04129861	0.02436874	0.02872947	0.04129861	0.01436473	0.11178601	0.14612159
0.04223761	0.04223761	0.04757799	0.01990508	0.03495526	0.06893954	0.06991052	0.03349879	0.04903446	0.07039601	0.10292383	0.0427231	0.02573096	0.02573096	0.04466506	0.01941959	0.11337955	0.14673408
0.05053308	0.03180762	0.06233268	0.01718638	0.02847295	0.07361926	0.06233268	0.03591183	0.05848499	0.06643689	0.10491386	0.04129861	0.02436874	0.02872947	0.04129861	0.01436473	0.11178601	0.14612159
0.05451836	0.04486909	0.05548329	0.03232505	0.04100939	0.04052692	0.0487288	0.039562	0.05886053	0.05258851	0.07526429	0.04824634	0.03280751	0.03184258	0.05548329	0.03136012	0.11111733	0.1454066
0.06334457	0.04180229	0.05642027	0.03385216	0.03436507	0.04385393	0.04898305	0.03667317	0.0602671	0.04923951	0.07155116	0.05282989	0.03744254	0.0289795	0.05667672	0.02821013	0.11036134	0.14514759
0.05451836	0.04486909	0.05548329	0.03232505	0.04100939	0.04052692	0.0487288	0.039562	0.05886053	0.05258851	0.07526429	0.04824634	0.03280751	0.03184258	0.05548329	0.03136012	0.11111733	0.1454066
0.06334457	0.04180229	0.05642027	0.03385216	0.03436507	0.04385393	0.04898305	0.03667317	0.0602671	0.04923951	0.07155116	0.05282989	0.03744254	0.0289795	0.05667672	0.02821013	0.11036134	0.14514759
0.05929165	0.04201974	0.0605806	0.02809909	0.03505941	0.04846448	0.05465144	0.03892626	0.06547861	0.05001122	0.07037661	0.04769111	0.03016141	0.03686394	0.04769111	0.02681014	0.1117374	0.1460858
0.04223761	0.04223761	0.04757799	0.01990508	0.03495526	0.06893954	0.06991052	0.03349879	0.04903446	0.07039601	0.10292383	0.0427231	0.02573096	0.02573096	0.04466506	0.01941959	0.11337955	0.14673408
0.05053308	0.03180762	0.06233268	0.01718638	0.02847295	0.07361926	0.06233268	0.03591183	0.05848499	0.06643689	0.10491386	0.04129861	0.02436874	0.02872947	0.04129861	0.01436473	0.11178601	0.14612159
0.04223761	0.04223761	0.04757799	0.01990508	0.03495526	0.06893954	0.06991052	0.03349879	0.04903446	0.07039601	0.10292383	0.0427231	0.02573096	0.02573096	0.04466506	0.01941959	0.11337955	0.14673408
0.05053308	0.03180762	0.06233268	0.01718638	0.02847295	0.07361926	0.06233268	0.03591183	0.05848499	0.06643689	0.10491386	0.04129861	0.02436874	0.02872947	0.04129861	0.01436473	0.11178601	0.14612159
0.0513925	0.0498584	0.06161986	0.02991504	0.04346629	0.04960271	0.05676187	0.03835261	0.06622218	0.05011408	0.06187555	0.05011408	0.03170483	0.0386083	0.04781292	0.01968767	0.11144031	0.1414508
0.0513925	0.0498584	0.06161986	0.02991504	0.04346629	0.04960271	0.05676187	0.03835261	0.06622218	0.05011408	0.06187555	0.05011408	0.03170483	0.0386083	0.04781292	0.01968767	0.11144031	0.1414508
0.0513925	0.0498584	0.06161986	0.02991504	0.04346629	0.04960271	0.05676187	0.03835261	0.06622218	0.05011408	0.06187555	0.05011408	0.03170483	0.0386083	0.04781292	0.01968767	0.11144031	0.1414508
0.04217299	0.04266337	0.04756721	0.01912496	0.03481724	0.06865371	0.07110562	0.03236532	0.04952874	0.07110562	0.10347094	0.04315376	0.02549995	0.02451918	0.04511529	0.01863458	0.11363461	0.1468669
0.05065248	0.03207142	0.06210656	0.01705385	0.02952607	0.07457878	0.0631247	0.0348713	0.058034	0.06770633	0.10461391	0.04072561	0.02367176	0.02799886	0.04098015	0.01399943	0.11209106	0.14619374
0.04217299	0.04266337	0.04756721	0.01912496	0.03481724	0.06865371	0.07110562	0.03236532	0.04952874	0.07110562	0.10347094	0.04315376	0.02549995	0.02451918	0.04511529	0.01863458	0.11363461	0.1468669
0.05065248	0.03207142	0.06210656	0.01705385	0.02952607	0.07457878	0.0631247	0.0348713	0.058034	0.06770633	0.10461391	0.04072561	0.02367176	0.02799886	0.04098015	0.01399943	0.11209106	0.14619374
0.05433132	0.0446293	0.05578662	0.03250177	0.04123359	0.03977829	0.04899521	0.03880808	0.05918233	0.05287601	0.07567576	0.0485101	0.03250177	0.03153157	0.05578662	0.03104647	0.11130409	0.14552111
0.06336951	0.04181875	0.05644248	0.03386549	0.0343786	0.0438712	0.04900233	0.03668761	0.06029083	0.04925889	0.07157933	0.05285069	0.03745728	0.02899091	0.05669904	0.02796468	0.11037483	0.14509756
0.05395577	0.0447201	0.05590012	0.03208181	0.04131748	0.03985922	0.04909489	0.03888704	0.05930274	0.05298359	0.07582973	0.0486088	0.0325679	0.03159572	0.05590012	0.03062355	0.11132549	0.14544594
0.06336951	0.04181875	0.05644248	0.03386549	0.0343786	0.0438712	0.04900233	0.03668761	0.06029083	0.04925889	0.07157933	0.05285069	0.03745728	0.02899091	0.05669904	0.02796468	0.11037483	0.14509756
0.05433132	0.0446293	0.05578662	0.03250177	0.04123359	0.03977829	0.04899521	0.03880808	0.05918233	0.05287601	0.07567576	0.0485101	0.03250177	0.03153157	0.05578662	0.03104647	0.11130409	0.14552111
0.06336951	0.04181875	0.05644248	0.03386549	0.0343786	0.0438712	0.04900233	0.03668761	0.06029083	0.04925889	0.07157933	0.05285069	0.03745728	0.02899091	0.05669904	0.02796468	0.11037483	0.14509756
0.05395577	0.0447201	0.05590012	0.03208181	0.04131748	0.03985922	0.04909489	0.03888704	0.05930274	0.05298359	0.07582973	0.0486088	0.0325679	0.03159572	0.05590012	0.03062355	0.11132549	0.14544594
0.06336951	0.04181875	0.05644248	0.03386549	0.0343786	0.0438712	0.04900233	0.03668761	0.06029083	0.04925889	0.07157933	0.05285069	0.03745728	0.02899091	0.05669904	0.02796468	0.11037483	0.14509756
0.05433132	0.0446293	0.05578662	0.03250177	0.04123359	0.03977829	0.04899521	0.03880808	0.05918233	0.05287601	0.07567576	0.0485101	0.03250177	0.03153157	0.05578662	0.03104647	0.11130409	0.14552111
0.06336951	0.04181875	0.05644248	0.03386549	0.0343786	0.0438712	0.04900233	0.03668761	0.06029083	0.04925889	0.07157933	0.05285069	0.03745728	0.02899091	0.05669904	0.02796468	0.11037483	0.14509756
0.05395577	0.0447201	0.05590012	0.03208181	0.04131748	0.03985922	0.04909489	0.03888704	0.05930274	0.05298359	0.07582973	0.0486088	0.0325679	0.03159572	0.05590012	0.03062355	0.11132549	0.14544594
0.06336951	0.04181875	0.05644248	0.03386549	0.0343786	0.0438712	0.04900233	0.03668761	0.06029083	0.04925889	0.07157933	0.05285069	0.03745728	0.02899091	0.05669904	0.02796468	0.11037483	0.14509756
0.0513925	0.0498584	0.06161986	0.02991504	0.04346629	0.04960271	0.05676187	0.03835261	0.06622218	0.05011408	0.06187555	0.05011408	0.03170483	0.0386083	0.04781292	0.01968767	0.11144031	0.1414508
0.05165339	0.04986343	0.06162608	0.02991806	0.04372639	0.04960772	0.05651188	0.03835648	0.06597315	0.05011914	0.06188179	0.05011914	0.03170802	0.03861219	0.04781775	0.01968966	0.11133474	0.141481
0.05125831	0.03238709	0.06171399	0.01759614	0.02958191	0.07369976	0.06324409	0.03442722	0.05839877	0.06732435	0.10481177	0.04080264	0.02371653	0.0277968	0.04131267	0.01351587	0.11216365	0.14624843
0.04198386	0.04296023	0.04735389	0.01952738	0.03514928	0.06932219	0.07078674	0.03319654	0.04930663	0.07078674	0.10300691	0.04247204	0.02538559	0.02538559	0.04442478	0.01855101	0.1135449	0.14685572
0.04201745	0.0429946	0.04739178	0.019543	0.0351774	0.06937765	0.07084338	0.0332231	0.04934608	0.07084338	0.10308933	0.04250603	0.0254059	0.0254059	0.04446033	0.01807728	0.11355826	0.14673913
0.05121664	0.03236076	0.06166381	0.01758183	0.02955786	0.07363984	0.06319267	0.03439923	0.05835129	0.06726961	0.10472656	0.04076946	0.02369725	0.0277742	0.04127908	0.01426931	0.11207241	0.14617819
0.04195517	0.04293087	0.04732153	0.01951403	0.03512526	0.06927481	0.07073837	0.03317385	0.04927293	0.07073837	0.10293652	0.04293087	0.02536824	0.02536824	0.04488227	0.01805048	0.11364513	0.14677305
0.05143848	0.03214905	0.06224056	0.01774627	0.02931993	0.07329983	0.06301213	0.03472097	0.05863986	0.06712721	0.1046773	0.04089359	0.02391889	0.02777678	0.04140797	0.013374	0.11212861	0.14612856
0.04195517	0.04293087	0.04732153	0.01951403	0.03512526	0.06927481	0.07073837	0.03317385	0.04927293	0.07073837	0.10293652	0.04293087	0.02536824	0.02536824	0.04488227	0.01805048	0.11364513	0.14677305
0.05121097	0.03200686	0.06196527	0.01766778	0.02919025	0.0737438	0.06324555	0.03456741	0.05838051	0.06734243	0.10498249	0.04071272	0.0238131	0.02765392	0.04122483	0.01408302	0.11205947	0.14614962
0.04231124	0.04280323	0.04772314	0.01918765	0.03493137	0.06887876	0.07133872	0.03247142	0.04969111	0.07133872	0.10381013	0.04280323	0.02558354	0.02459956	0.04477119	0.01721969	0.11371587	0.14682144
0.05053086	0.03229808	0.061731	0.01693044	0.02917246	0.07475442	0.06433569	0.03438182	0.05834491	0.06798224	0.10627109	0.0403726	0.02318168	0.02760965	0.04063306	0.01302342	0.11223913	0.14620744
0.04231124	0.04280323	0.04772314	0.01918765	0.03493137	0.06887876	0.07133872	0.03247142	0.04969111	0.07133872	0.10381013	0.04280323	0.02558354	0.02459956	0.04477119	0.01721969	0.11371587	0.14682144
0.05053086	0.03229808	0.061731	0.01693044	0.02917246	0.07475442	0.06433569	0.03438182	0.05834491	0.06798224	0.10627109	0.0403726	0.02318168	0.02760965	0.04063306	0.01302342	0.11223913	0.14620744
0.04231124	0.04280323	0.04772314	0.01918765	0.03493137	0.06887876	0.07133872	0.03247142	0.04969111	0.07133872	0.10381013	0.04280323	0.02558354	0.02459956	0.04477119	0.01721969	0.11371587	0.14682144
0.05053086	0.03229808	0.061731	0.01693044	0.02917246	0.07475442	0.06433569	0.03438182	0.05834491	0.06798224	0.10627109	0.0403726	0.02318168	0.02760965	0.04063306	0.01302342	0.11223913	0.14620744
0.04231124	0.04280323	0.04772314	0.01918765	0.03493137	0.06887876	0.07133872	0.03247142	0.04969111	0.07133872	0.10381013	0.04280323	0.02558354	0.02459956	0.04477119	0.01721969	0.11371587	0.14682144
0.05053086	0.03229808	0.061731	0.01693044	0.02917246	0.07475442	0.06433569	0.03438182	0.05834491	0.06798224	0.10627109	0.0403726	0.02318168	0.02760965	0.04063306	0.01302342	0.11223913	0.14620744
0.04217299	0.04266337	0.04756721	0.01912496	0.03481724	0.06865371	0.07110562	0.03236532	0.04952874	0.07110562	0.10347094	0.04315376	0.02549995	0.02451918	0.04511529	0.01863458	0.11363461	0.1468669
0.05065248	0.03207142	0.06210656	0.01705385	0.02952607	0.07457878	0.0631247	0.0348713	0.058034	0.06770633	0.10461391	0.04072561	0.02367176	0.02799886	0.04098015	0.01399943	0.11209106	0.14619374
0.04217299	0.04266337	0.04756721	0.01912496	0.03481724	0.06865371	0.07110562	0.03236532	0.04952874	0.07110562	0.10347094	0.04315376	0.02549995	0.02451918	0.04511529	0.01863458	0.11363461	0.1468669
0.05065248	0.03207142	0.06210656	0.01705385	0.02952607	0.07457878	0.0631247	0.0348713	0.058034	0.06770633	0.10461391	0.04072561	0.02367176	0.02799886	0.04098015	0.01399943	0.11209106	0.14619374
0.04219696	0.04268762	0.04759425	0.01913583	0.03483703	0.06869273	0.07114604	0.03238371	0.0495569	0.07114604	0.10352976	0.04317829	0.02551444	0.02453312	0.04514094	0.01815451	0.11369926	0.14687259
0.05065248	0.03207142	0.06210656	0.01705385	0.02952607	0.07457878	0.0631247	0.0348713	0.058034	0.06770633	0.10461391	0.04072561	0.02367176	0.02799886	0.04098015	0.01399943	0.11209106	0.14619374
0.04219696	0.04268762	0.04759425	0.01913583	0.03483703	0.06869273	0.07114604	0.03238371	0.0495569	0.07114604	0.10352976	0.04317829	0.02551444	0.02453312	0.04514094	0.01815451	0.11369926	0.14687259
0.05065248	0.03207142	0.06210656	0.01705385	0.02952607	0.07457878	0.0631247	0.0348713	0.058034	0.06770633	0.10461391	0.04072561	0.02367176	0.02799886	0.04098015	0.01399943	0.11209106	0.14619374
0.04231734	0.04231734	0.04822209	0.01919042	0.03493641	0.0688887	0.07085694	0.0324761	0.04969827	0.07134901	0.10431717	0.0428094	0.02558723	0.02460311	0.04477765	0.01722217	0.11366018	0.14677047
0.05052943	0.0317098	0.06264618	0.01727282	0.02835835	0.07295831	0.06264618	0.03583465	0.05852133	0.06677103	0.10518371	0.04124852	0.02449131	0.02835835	0.04124852	0.01417918	0.11190579	0.14613654
0.04231734	0.04231734	0.04822209	0.01919042	0.03493641	0.0688887	0.07085694	0.0324761	0.04969827	0.07134901	0.10431717	0.0428094	0.02558723	0.02460311	0.04477765	0.01722217	0.11366018	0.14677047
0.05052943	0.0317098	0.06264618	0.01727282	0.02835835	0.07295831	0.06264618	0.03583465	0.05852133	0.06677103	0.10518371	0.04124852	0.02449131	0.02835835	0.04124852	0.01417918	0.11190579	0.14613654
0.06159205	0.03578997	0.0499395	0.0532688	0.03870311	0.03037986	0.03162835	0.04411322	0.05118799	0.03703846	0.05826275	0.04452939	0.04952334	0.04161625	0.05118799	0.0699153	0.10559632	0.14572735
0.06159205	0.03578997	0.0499395	0.0532688	0.03870311	0.03037986	0.03162835	0.04411322	0.05118799	0.03703846	0.05826275	0.04452939	0.04952334	0.04161625	0.05118799	0.0699153	0.10559632	0.14572735
0.06134642	0.03430122	0.05650907	0.04551509	0.03518074	0.03232231	0.0356205	0.04243677	0.0593675	0.04133737	0.06112654	0.05057232	0.04177713	0.03759942	0.05892774	0.05255123	0.10766283	0.1458458
0.06134642	0.03430122	0.05650907	0.04551509	0.03518074	0.03232231	0.0356205	0.04243677	0.0593675	0.04133737	0.06112654	0.05057232	0.04177713	0.03759942	0.05892774	0.05255123	0.10766283	0.1458458
0.05433132	0.0446293	0.05578662	0.03250177	0.04123359	0.03977829	0.04899521	0.03880808	0.05918233	0.05287601	0.07567576	0.0485101	0.03250177	0.03153157	0.05578662	0.03104647	0.11130409	0.14552111
0.05395577	0.0447201	0.05590012	0.03208181	0.04131748	0.03985922	0.04909489	0.03888704	0.05930274	0.05298359	0.07582973	0.0486088	0.0325679	0.03159572	0.05590012	0.03062355	0.11132549	0.14544594
0.06336951	0.04181875	0.05644248	0.03386549	0.0343786	0.0438712	0.04900233	0.03668761	0.06029083	0.04925889	0.07157933	0.05285069	0.03745728	0.02899091	0.05669904	0.02796468	0.11037483	0.14509756
0.06336951	0.04181875	0.05644248	0.03386549	0.0343786	0.0438712	0.04900233	0.03668761	0.06029083	0.04925889	0.07157933	0.05285069	0.03745728	0.02899091	0.05669904	0.02796468	0.11037483	0.14509756
0.05433132	0.0446293	0.05578662	0.03250177	0.04123359	0.03977829	0.04899521	0.03880808	0.05918233	0.05287601	0.07567576	0.0485101	0.03250177	0.03153157	0.05578662	0.03104647	0.11130409	0.14552111
0.05395577	0.0447201	0.05590012	0.03208181	0.04131748	0.03985922	0.04909489	0.03888704	0.05930274	0.05298359	0.07582973	0.0486088	0.0325679	0.03159572	0.05590012	0.03062355	0.11132549	0.14544594
0.06336951	0.04181875	0.05644248	0.03386549	0.0343786	0.0438712	0.04900233	0.03668761	0.06029083	0.04925889	0.07157933	0.05285069	0.03745728	0.02899091	0.05669904	0.02796468	0.11037483	0.14509756
0.06334457	0.04180229	0.05642027	0.03385216	0.03436507	0.04385393	0.04898305	0.03667317	0.0602671	0.04923951	0.07155116	0.05282989	0.03744254	0.0289795	0.05667672	0.02821013	0.11036134	0.14514759
0.05433132	0.0446293	0.05578662	0.03250177	0.04123359	0.03977829	0.04899521	0.03880808	0.05918233	0.05287601	0.07567576	0.0485101	0.03250177	0.03153157	0.05578662	0.03104647	0.11130409	0.14552111
0.05395577	0.0447201	0.05590012	0.03208181	0.04131748	0.03985922	0.04909489	0.03888704	0.05930274	0.05298359	0.07582973	0.0486088	0.0325679	0.03159572	0.05590012	0.03062355	0.11132549	0.14544594
0.06334457	0.04180229	0.05642027	0.03385216	0.03436507	0.04385393	0.04898305	0.03667317	0.0602671	0.04923951	0.07155116	0.05282989	0.03744254	0.0289795	0.05667672	0.02821013	0.11036134	0.14514759
0.06334457	0.04180229	0.05642027	0.03385216	0.03436507	0.04385393	0.04898305	0.03667317	0.0602671	0.04923951	0.07155116	0.05282989	0.03744254	0.0289795	0.05667672	0.02821013	0.11036134	0.14514759
0.05433132	0.0446293	0.05578662	0.03250177	0.04123359	0.03977829	0.04899521	0.03880808	0.05918233	0.05287601	0.07567576	0.0485101	0.03250177	0.03153157	0.05578662	0.03104647	0.11130409	0.14552111
0.05395577	0.0447201	0.05590012	0.03208181	0.04131748	0.03985922	0.04909489	0.03888704	0.05930274	0.05298359	0.07582973	0.0486088	0.0325679	0.03159572	0.05590012	0.03062355	0.11132549	0.14544594
0.06336951	0.04181875	0.05644248	0.03386549	0.0343786	0.0438712	0.04900233	0.03668761	0.06029083	0.04925889	0.07157933	0.05285069	0.03745728	0.02899091	0.05669904	0.02796468	0.11037483	0.14509756
0.06336951	0.04181875	0.05644248	0.03386549	0.0343786	0.0438712	0.04900233	0.03668761	0.06029083	0.04925889	0.07157933	0.05285069	0.03745728	0.02899091	0.05669904	0.02796468	0.11037483	0.14509756
0.0418269	0.04279961	0.04717685	0.01945437	0.03501787	0.06906301	0.07052209	0.03355879	0.04912229	0.07052209	0.1026218	0.04279961	0.02529068	0.02577704	0.04474505	0.01945437	0.1134753	0.14677226
0.0418269	0.04279961	0.04717685	0.01945437	0.03501787	0.06906301	0.07052209	0.03355879	0.04912229	0.07052209	0.1026218	0.04279961	0.02529068	0.02577704	0.04474505	0.01945437	0.1134753	0.14677226
0.05079343	0.0311143	0.06196267	0.01728572	0.02845496	0.07419565	0.06382421	0.03510332	0.05877146	0.06781322	0.10530995	0.040422	0.02313628	0.0287209	0.04095387	0.01303078	0.11244698	0.1466603
0.05079343	0.0311143	0.06196267	0.01728572	0.02845496	0.07419565	0.06382421	0.03510332	0.05877146	0.06781322	0.10530995	0.040422	0.02313628	0.0287209	0.04095387	0.01303078	0.11244698	0.1466603
0.0418269	0.04279961	0.04717685	0.01945437	0.03501787	0.06906301	0.07052209	0.03355879	0.04912229	0.07052209	0.1026218	0.04279961	0.02529068	0.02577704	0.04474505	0.01945437	0.1134753	0.14677226
0.0418269	0.04279961	0.04717685	0.01945437	0.03501787	0.06906301	0.07052209	0.03355879	0.04912229	0.07052209	0.1026218	0.04279961	0.02529068	0.02577704	0.04474505	0.01945437	0.1134753	0.14677226
0.05079343	0.0311143	0.06196267	0.01728572	0.02845496	0.07419565	0.06382421	0.03510332	0.05877146	0.06781322	0.10530995	0.040422	0.02313628	0.0287209	0.04095387	0.01303078	0.11244698	0.1466603
0.05079343	0.0311143	0.06196267	0.01728572	0.02845496	0.07419565	0.06382421	0.03510332	0.05877146	0.06781322	0.10530995	0.040422	0.02313628	0.0287209	0.04095387	0.01303078	0.11244698	0.1466603
0.0418269	0.04279961	0.04717685	0.01945437	0.03501787	0.06906301	0.07052209	0.03355879	0.04912229	0.07052209	0.1026218	0.04279961	0.02529068	0.02577704	0.04474505	0.01945437	0.1134753	0.14677226
0.05079343	0.0311143	0.06196267	0.01728572	0.02845496	0.07419565	0.06382421	0.03510332	0.05877146	0.06781322	0.10530995	0.040422	0.02313628	0.0287209	0.04095387	0.01303078	0.11244698	0.1466603
0.0418269	0.04279961	0.04717685	0.01945437	0.03501787	0.06906301	0.07052209	0.03355879	0.04912229	0.07052209	0.1026218	0.04279961	0.02529068	0.02577704	0.04474505	0.01945437	0.1134753	0.14677226
0.05079343	0.0311143	0.06196267	0.01728572	0.02845496	0.07419565	0.06382421	0.03510332	0.05877146	0.06781322	0.10530995	0.040422	0.02313628	0.0287209	0.04095387	0.01303078	0.11244698	0.1466603
0.0418269	0.04279961	0.04717685	0.01945437	0.03501787	0.06906301	0.07052209	0.03355879	0.04912229	0.07052209	0.1026218	0.04279961	0.02529068	0.02577704	0.04474505	0.01945437	0.1134753	0.14677226
0.05079343	0.0311143	0.06196267	0.01728572	0.02845496	0.07419565	0.06382421	0.03510332	0.05877146	0.06781322	0.10530995	0.040422	0.02313628	0.0287209	0.04095387	0.01303078	0.11244698	0.1466603
0.0418269	0.04279961	0.04717685	0.01945437	0.03501787	0.06906301	0.07052209	0.03355879	0.04912229	0.07052209	0.1026218	0.04279961	0.02529068	0.02577704	0.04474505	0.01945437	0.1134753	0.14677226
0.05079343	0.0311143	0.06196267	0.01728572	0.02845496	0.07419565	0.06382421	0.03510332	0.05877146	0.06781322	0.10530995	0.040422	0.02313628	0.0287209	0.04095387	0.01303078	0.11244698	0.1466603
0.05433132	0.0446293	0.05578662	0.03250177	0.04123359	0.03977829	0.04899521	0.03880808	0.05918233	0.05287601	0.07567576	0.0485101	0.03250177	0.03153157	0.05578662	0.03104647	0.11130409	0.14552111
0.05433132	0.0446293	0.05578662	0.03250177	0.04123359	0.03977829	0.04899521	0.03880808	0.05918233	0.05287601	0.07567576	0.0485101	0.03250177	0.03153157	0.05578662	0.03104647	0.11130409	0.14552111
0.06334457	0.04180229	0.05642027	0.03385216	0.03436507	0.04385393	0.04898305	0.03667317	0.0602671	0.04923951	0.07155116	0.05282989	0.03744254	0.0289795	0.05667672	0.02821013	0.11036134	0.14514759
0.0418269	0.04279961	0.04717685	0.01945437	0.03501787	0.06906301	0.07052209	0.03355879	0.04912229	0.07052209	0.1026218	0.04279961	0.02529068	0.02577704	0.04474505	0.01945437	0.1134753	0.14677226
0.05929165	0.04201974	0.0605806	0.02809909	0.03505941	0.04846448	0.05465144	0.03892626	0.06547861	0.05001122	0.07037661	0.04769111	0.03016141	0.03686394	0.04769111	0.02681014	0.1117374	0.1460858
0.05929165	0.04201974	0.0605806	0.02809909	0.03505941	0.04846448	0.05465144	0.03892626	0.06547861	0.05001122	0.07037661	0.04769111	0.03016141	0.03686394	0.04769111	0.02681014	0.1117374	0.1460858
0.04225692	0.04225692	0.04815324	0.01965438	0.03488653	0.06879034	0.07075578	0.03242973	0.04962732	0.07124714	0.10416823	0.04274828	0.0255507	0.02505934	0.04471372	0.01719759	0.11369412	0.14680969
0.05052943	0.0317098	0.06264618	0.01727282	0.02835835	0.07295831	0.06264618	0.03583465	0.05852133	0.06677103	0.10518371	0.04124852	0.02449131	0.02835835	0.04124852	0.01417918	0.11190579	0.14613654
0.04225692	0.04225692	0.04815324	0.01965438	0.03488653	0.06879034	0.07075578	0.03242973	0.04962732	0.07124714	0.10416823	0.04274828	0.0255507	0.02505934	0.04471372	0.01719759	0.11369412	0.14680969
0.05052943	0.0317098	0.06264618	0.01727282	0.02835835	0.07295831	0.06264618	0.03583465	0.05852133	0.06677103	0.10518371	0.04124852	0.02449131	0.02835835	0.04124852	0.01417918	0.11190579	0.14613654
0.04225692	0.04225692	0.04815324	0.01965438	0.03488653	0.06879034	0.07075578	0.03242973	0.04962732	0.07124714	0.10416823	0.04274828	0.0255507	0.02505934	0.04471372	0.01719759	0.11369412	0.14680969
0.05052943	0.0317098	0.06264618	0.01727282	0.02835835	0.07295831	0.06264618	0.03583465	0.05852133	0.06677103	0.10518371	0.04124852	0.02449131	0.02835835	0.04124852	0.01417918	0.11190579	0.14613654
0.04225692	0.04225692	0.04815324	0.01965438	0.03488653	0.06879034	0.07075578	0.03242973	0.04962732	0.07124714	0.10416823	0.04274828	0.0255507	0.02505934	0.04471372	0.01719759	0.11369412	0.14680969
0.05052943	0.0317098	0.06264618	0.01727282	0.02835835	0.07295831	0.06264618	0.03583465	0.05852133	0.06677103	0.10518371	0.04124852	0.02449131	0.02835835	0.04124852	0.01417918	0.11190579	0.14613654
0.03466279	0.04116206	0.05199419	0.01299855	0.04116206	0.09532268	0.06282631	0.03249637	0.05199419	0.06499273	0.12565262	0.03466279	0.01299855	0.03032994	0.03682922	0.01949782	0.10797898	0.14243816
0.03466279	0.04116206	0.05199419	0.01299855	0.04116206	0.09532268	0.06282631	0.03249637	0.05199419	0.06499273	0.12565262	0.03466279	0.01299855	0.03032994	0.03682922	0.01949782	0.10797898	0.14243816
0.06336951	0.04181875	0.05644248	0.03386549	0.0343786	0.0438712	0.04900233	0.03668761	0.06029083	0.04925889	0.07157933	0.05285069	0.03745728	0.02899091	0.05669904	0.02796468	0.11037483	0.14509756
0.06336951	0.04181875	0.05644248	0.03386549	0.0343786	0.0438712	0.04900233	0.03668761	0.06029083	0.04925889	0.07157933	0.05285069	0.03745728	0.02899091	0.05669904	0.02796468	0.11037483	0.14509756
0.05433132	0.0446293	0.05578662	0.03250177	0.04123359	0.03977829	0.04899521	0.03880808	0.05918233	0.05287601	0.07567576	0.0485101	0.03250177	0.03153157	0.05578662	0.03104647	0.11130409	0.14552111
0.06336951	0.04181875	0.05644248	0.03386549	0.0343786	0.0438712	0.04900233	0.03668761	0.06029083	0.04925889	0.07157933	0.05285069	0.03745728	0.02899091	0.05669904	0.02796468	0.11037483	0.14509756
0.04206601	0.04304429	0.04744654	0.01956558	0.03521805	0.06847955	0.07092524	0.03326149	0.0494031	0.07092524	0.10320846	0.04255515	0.02543526	0.02543526	0.04451171	0.01809817	0.113621	0.14679991
0.04206601	0.04304429	0.04744654	0.01956558	0.03521805	0.06847955	0.07092524	0.03326149	0.0494031	0.07092524	0.10320846	0.04255515	0.02543526	0.02543526	0.04451171	0.01809817	0.113621	0.14679991
0.05121664	0.03236076	0.06166381	0.01758183	0.02955786	0.07363984	0.06319267	0.03439923	0.05835129	0.06726961	0.10472656	0.04076946	0.02369725	0.0277742	0.04127908	0.01426931	0.11207241	0.14617819
0.04225084	0.04274213	0.04765502	0.01965155	0.03488151	0.06878044	0.07123688	0.03242506	0.04962017	0.07123688	0.10366194	0.04274213	0.02554702	0.02505573	0.04470728	0.01719511	0.11374973	0.14686058
0.04225084	0.04274213	0.04765502	0.01965155	0.03488151	0.06878044	0.07123688	0.03242506	0.04962017	0.07123688	0.10366194	0.04274213	0.02554702	0.02505573	0.04470728	0.01719511	0.11374973	0.14686058
0.05121664	0.03236076	0.06166381	0.01758183	0.02955786	0.07363984	0.06319267	0.03439923	0.05835129	0.06726961	0.10472656	0.04076946	0.02369725	0.0277742	0.04127908	0.01426931	0.11207241	0.14617819
0.05433132	0.0446293	0.05578662	0.03250177	0.04123359	0.03977829	0.04899521	0.03880808	0.05918233	0.05287601	0.07567576	0.0485101	0.03250177	0.03153157	0.05578662	0.03104647	0.11130409	0.14552111
0.06336951	0.04181875	0.05644248	0.03386549	0.0343786	0.0438712	0.04900233	0.03668761	0.06029083	0.04925889	0.07157933	0.05285069	0.03745728	0.02899091	0.05669904	0.02796468	0.11037483	0.14509756
0.05065814	0.032075	0.06211349	0.01705575	0.02952937	0.0745871	0.06313175	0.0348752	0.05804048	0.06771389	0.10513472	0.0404756	0.0236744	0.02800198	0.04073016	0.01400099	0.11204124	0.14616073
0.05065814	0.032075	0.06211349	0.01705575	0.02952937	0.0745871	0.06313175	0.0348752	0.05804048	0.06771389	0.10513472	0.0404756	0.0236744	0.02800198	0.04073016	0.01400099	0.11204124	0.14616073
0.04184589	0.04281905	0.04719827	0.0194632	0.03503377	0.06958095	0.07055411	0.03308745	0.04914459	0.07055411	0.1026684	0.04281905	0.02530217	0.02530217	0.04476537	0.0194632	0.11347025	0.146928
0.04184589	0.04281905	0.04719827	0.0194632	0.03503377	0.06958095	0.07055411	0.03308745	0.04914459	0.07055411	0.1026684	0.04281905	0.02530217	0.02530217	0.04476537	0.0194632	0.11347025	0.146928
0.04225084	0.04274213	0.04765502	0.01965155	0.03488151	0.06878044	0.07123688	0.03242506	0.04962017	0.07123688	0.10366194	0.04274213	0.02554702	0.02505573	0.04470728	0.01719511	0.11374973	0.14686058
0.05121664	0.03236076	0.06166381	0.01758183	0.02955786	0.07363984	0.06319267	0.03439923	0.05835129	0.06726961	0.10472656	0.04076946	0.02369725	0.0277742	0.04127908	0.01426931	0.11207241	0.14617819
0.04225084	0.04274213	0.04765502	0.01965155	0.03488151	0.06878044	0.07123688	0.03242506	0.04962017	0.07123688	0.10366194	0.04274213	0.02554702	0.02505573	0.04470728	0.01719511	0.11374973	0.14686058
0.05121664	0.03236076	0.06166381	0.01758183	0.02955786	0.07363984	0.06319267	0.03439923	0.05835129	0.06726961	0.10472656	0.04076946	0.02369725	0.0277742	0.04127908	0.01426931	0.11207241	0.14617819
0.05121664	0.03236076	0.06166381	0.01758183	0.02955786	0.07363984	0.06319267	0.03439923	0.05835129	0.06726961	0.10472656	0.04076946	0.02369725	0.0277742	0.04127908	0.01426931	0.11207241	0.14617819
0.05121664	0.03236076	0.06166381	0.01758183	0.02955786	0.07363984	0.06319267	0.03439923	0.05835129	0.06726961	0.10472656	0.04076946	0.02369725	0.0277742	0.04127908	0.01426931	0.11207241	0.14617819
0.04225084	0.04274213	0.04765502	0.01965155	0.03488151	0.06878044	0.07123688	0.03242506	0.04962017	0.07123688	0.10366194	0.04274213	0.02554702	0.02505573	0.04470728	0.01719511	0.11374973	0.14686058
0.04225084	0.04274213	0.04765502	0.01965155	0.03488151	0.06878044	0.07123688	0.03242506	0.04962017	0.07123688	0.10366194	0.04274213	0.02554702	0.02505573	0.04470728	0.01719511	0.11374973	0.14686058
0.04225084	0.04274213	0.04765502	0.01965155	0.03488151	0.06878044	0.07123688	0.03242506	0.04962017	0.07123688	0.10366194	0.04274213	0.02554702	0.02505573	0.04470728	0.01719511	0.11374973	0.14686058
0.04225084	0.04274213	0.04765502	0.01965155	0.03488151	0.06878044	0.07123688	0.03242506	0.04962017	0.07123688	0.10366194	0.04274213	0.02554702	0.02505573	0.04470728	0.01719511	0.11374973	0.14686058
0.05121664	0.03236076	0.06166381	0.01758183	0.02955786	0.07363984	0.06319267	0.03439923	0.05835129	0.06726961	0.10472656	0.04076946	0.02369725	0.0277742	0.04127908	0.01426931	0.11207241	0.14617819
0.05121664	0.03236076	0.06166381	0.01758183	0.02955786	0.07363984	0.06319267	0.03439923	0.05835129	0.06726961	0.10472656	0.04076946	0.02369725	0.0277742	0.04127908	0.01426931	0.11207241	0.14617819
0.05121664	0.03236076	0.06166381	0.01758183	0.02955786	0.07363984	0.06319267	0.03439923	0.05835129	0.06726961	0.10472656	0.04076946	0.02369725	0.0277742	0.04127908	0.01426931	0.11207241	0.14617819
0.04225084	0.04274213	0.04765502	0.01965155	0.03488151	0.06878044	0.07123688	0.03242506	0.04962017	0.07123688	0.10366194	0.04274213	0.02554702	0.02505573	0.04470728	0.01719511	0.11374973	0.14686058
0.05121664	0.03236076	0.06166381	0.01758183	0.02955786	0.07363984	0.06319267	0.03439923	0.05835129	0.06726961	0.10472656	0.04076946	0.02369725	0.0277742	0.04127908	0.01426931	0.11207241	0.14617819
0.04225084	0.04274213	0.04765502	0.01965155	0.03488151	0.06878044	0.07123688	0.03242506	0.04962017	0.07123688	0.10366194	0.04274213	0.02554702	0.02505573	0.04470728	0.01719511	0.11374973	0.14686058
0.05121664	0.03236076	0.06166381	0.01758183	0.02955786	0.07363984	0.06319267	0.03439923	0.05835129	0.06726961	0.10472656	0.04076946	0.02369725	0.0277742	0.04127908	0.01426931	0.11207241	0.14617819
0.04225084	0.04274213	0.04765502	0.01965155	0.03488151	0.06878044	0.07123688	0.03242506	0.04962017	0.07123688	0.10366194	0.04274213	0.02554702	0.02505573	0.04470728	0.01719511	0.11374973	0.14686058
0.04225084	0.04274213	0.04765502	0.01965155	0.03488151	0.06878044	0.07123688	0.03242506	0.04962017	0.07123688	0.10366194	0.04274213	0.02554702	0.02505573	0.04470728	0.01719511	0.11374973	0.14686058
0.05121664	0.03236076	0.06166381	0.01758183	0.02955786	0.07363984	0.06319267	0.03439923	0.05835129	0.06726961	0.10472656	0.04076946	0.02369725	0.0277742	0.04127908	0.01426931	0.11207241	0.14617819
0.0418269	0.04279961	0.04717685	0.01945437	0.03501787	0.06906301	0.07052209	0.03355879	0.04912229	0.07052209	0.1026218	0.04279961	0.02529068	0.02577704	0.04474505	0.01945437	0.1134753	0.14677226
0.05065248	0.03207142	0.06210656	0.01705385	0.02952607	0.07457878	0.0631247	0.0348713	0.058034	0.06770633	0.10461391	0.04072561	0.02367176	0.02799886	0.04098015	0.01399943	0.11209106	0.14619374
0.0418269	0.04279961	0.04717685	0.01945437	0.03501787	0.06906301	0.07052209	0.03355879	0.04912229	0.07052209	0.1026218	0.04279961	0.02529068	0.02577704	0.04474505	0.01945437	0.1134753	0.14677226
0.05065248	0.03207142	0.06210656	0.01705385	0.02952607	0.07457878	0.0631247	0.0348713	0.058034	0.06770633	0.10461391	0.04072561	0.02367176	0.02799886	0.04098015	0.01399943	0.11209106	0.14619374
0.0418269	0.04279961	0.04717685	0.01945437	0.03501787	0.06906301	0.07052209	0.03355879	0.04912229	0.07052209	0.1026218	0.04279961	0.02529068	0.02577704	0.04474505	0.01945437	0.1134753	0.14677226
0.05068074	0.03208931	0.06214121	0.01706337	0.02954254	0.07462039	0.06315992	0.03489076	0.05806638	0.06774411	0.10467229	0.04074834	0.02368497	0.02801448	0.04100301	0.01349789	0.11215363	0.14622664
0.0418269	0.04279961	0.04717685	0.01945437	0.03501787	0.06906301	0.07052209	0.03355879	0.04912229	0.07052209	0.1026218	0.04279961	0.02529068	0.02577704	0.04474505	0.01945437	0.1134753	0.14677226
0.05068074	0.03208931	0.06214121	0.01706337	0.02954254	0.07462039	0.06315992	0.03489076	0.05806638	0.06774411	0.10467229	0.04074834	0.02368497	0.02801448	0.04100301	0.01349789	0.11215363	0.14622664
0.0418269	0.04279961	0.04717685	0.01945437	0.03501787	0.06906301	0.07052209	0.03355879	0.04912229	0.07052209	0.1026218	0.04279961	0.02529068	0.02577704	0.04474505	0.01945437	0.1134753	0.14677226
0.05065248	0.03207142	0.06210656	0.01705385	0.02952607	0.07457878	0.0631247	0.0348713	0.058034	0.06770633	0.10461391	0.04072561	0.02367176	0.02799886	0.04098015	0.01399943	0.11209106	0.14619374
0.0418269	0.04279961	0.04717685	0.01945437	0.03501787	0.06906301	0.07052209	0.03355879	0.04912229	0.07052209	0.1026218	0.04279961	0.02529068	0.02577704	0.04474505	0.01945437	0.1134753	0.14677226
0.05065248	0.03207142	0.06210656	0.01705385	0.02952607	0.07457878	0.0631247	0.0348713	0.058034	0.06770633	0.10461391	0.04072561	0.02367176	0.02799886	0.04098015	0.01399943	0.11209106	0.14619374
0.0418269	0.04279961	0.04717685	0.01945437	0.03501787	0.06906301	0.07052209	0.03355879	0.04912229	0.07052209	0.1026218	0.04279961	0.02529068	0.02577704	0.04474505	0.01945437	0.1134753	0.14677226
0.05065047	0.03207014	0.06210409	0.01705317	0.02952489	0.07406676	0.06312219	0.03486992	0.05803169	0.06770364	0.10511881	0.04072399	0.02367082	0.02799774	0.04097852	0.01399887	0.11210612	0.14620817
0.08434135	0.0404928	0.06353566	0.04608572	0.04004536	0.02774092	0.03176783	0.0418351	0.06353566	0.03601845	0.04988891	0.04496714	0.04653316	0.03691332	0.04921776	0.04720431	0.10560839	0.14426816
0.08434135	0.0404928	0.06353566	0.04608572	0.04004536	0.02774092	0.03176783	0.0418351	0.06353566	0.03601845	0.04988891	0.04496714	0.04653316	0.03691332	0.04921776	0.04720431	0.10560839	0.14426816
0.08434135	0.0404928	0.06353566	0.04608572	0.04004536	0.02774092	0.03176783	0.0418351	0.06353566	0.03601845	0.04988891	0.04496714	0.04653316	0.03691332	0.04921776	0.04720431	0.10560839	0.14426816
0.08434135	0.0404928	0.06353566	0.04608572	0.04004536	0.02774092	0.03176783	0.0418351	0.06353566	0.03601845	0.04988891	0.04496714	0.04653316	0.03691332	0.04921776	0.04720431	0.10560839	0.14426816
0.04231324	0.0427996	0.04766319	0.01945436	0.03501785	0.06906299	0.07003571	0.03355878	0.04960862	0.07003571	0.1021354	0.0427996	0.02529067	0.02577703	0.04474503	0.01945436	0.11342055	0.14682732
0.05091443	0.03182152	0.06211561	0.01731091	0.02953037	0.0740805	0.0631339	0.03462182	0.05804246	0.0677162	0.10513831	0.04073155	0.02367521	0.02800294	0.04098612	0.01400147	0.11205075	0.14612594
0.0418269	0.04279961	0.04717685	0.01945437	0.03501787	0.06906301	0.07052209	0.03355879	0.04912229	0.07052209	0.1026218	0.04279961	0.02529068	0.02577704	0.04474505	0.01945437	0.1134753	0.14677226
0.0418269	0.04279961	0.04717685	0.01945437	0.03501787	0.06906301	0.07052209	0.03355879	0.04912229	0.07052209	0.1026218	0.04279961	0.02529068	0.02577704	0.04474505	0.01945437	0.1134753	0.14677226
0.05065248	0.03207142	0.06210656	0.01705385	0.02952607	0.07457878	0.0631247	0.0348713	0.058034	0.06770633	0.10461391	0.04072561	0.02367176	0.02799886	0.04098015	0.01399943	0.11209106	0.14619374
0.0418269	0.04279961	0.04717685	0.01945437	0.03501787	0.06906301	0.07052209	0.03355879	0.04912229	0.07052209	0.1026218	0.04279961	0.02529068	0.02577704	0.04474505	0.01945437	0.1134753	0.14677226
0.05065248	0.03207142	0.06210656	0.01705385	0.02952607	0.07457878	0.0631247	0.0348713	0.058034	0.06770633	0.10461391	0.04072561	0.02367176	0.02799886	0.04098015	0.01399943	0.11209106	0.14619374
0.041822	0.0427946	0.04717132	0.01945209	0.03501376	0.06905492	0.07051383	0.03355486	0.04911653	0.07051383	0.10260978	0.0427946	0.02528772	0.02577402	0.04473981	0.01945209	0.11344926	0.14688496
0.041822	0.0427946	0.04717132	0.01945209	0.03501376	0.06905492	0.07051383	0.03355486	0.04911653	0.07051383	0.10260978	0.0427946	0.02528772	0.02577402	0.04473981	0.01945209	0.11344926	0.14688496
0.041822	0.0427946	0.04717132	0.01945209	0.03501376	0.06905492	0.07051383	0.03355486	0.04911653	0.07051383	0.10260978	0.0427946	0.02528772	0.02577402	0.04473981	0.01945209	0.11344926	0.14688496
0.041822	0.0427946	0.04717132	0.01945209	0.03501376	0.06905492	0.07051383	0.03355486	0.04911653	0.07051383	0.10260978	0.0427946	0.02528772	0.02577402	0.04473981	0.01945209	0.11344926	0.14688496
0.04183264	0.0428055	0.04718333	0.01945704	0.03502268	0.0690725	0.07053178	0.03404983	0.04912903	0.07053178	0.1026359	0.0428055	0.02529416	0.02626701	0.0447512	0.01848419	0.11341994	0.14672598
0.04183264	0.0428055	0.04718333	0.01945704	0.03502268	0.0690725	0.07053178	0.03404983	0.04912903	0.07053178	0.1026359	0.0428055	0.02529416	0.02626701	0.0447512	0.01848419	0.11341994	0.14672598
0.04231765	0.04280406	0.04718175	0.01945639	0.03453509	0.06907019	0.07052942	0.03356227	0.04912739	0.07052942	0.10263246	0.04280406	0.02577972	0.02529331	0.0447497	0.01945639	0.11340497	0.14676577
0.04231765	0.04280406	0.04718175	0.01945639	0.03453509	0.06907019	0.07052942	0.03356227	0.04912739	0.07052942	0.10263246	0.04280406	0.02577972	0.02529331	0.0447497	0.01945639	0.11340497	0.14676577
0.04086285	0.0428087	0.04767333	0.0194585	0.0350253	0.06907768	0.07053707	0.03356591	0.04961918	0.07053707	0.10264359	0.0428087	0.02529605	0.02578251	0.04475455	0.0194585	0.11349479	0.1465957
0.04086285	0.0428087	0.04767333	0.0194585	0.0350253	0.06907768	0.07053707	0.03356591	0.04961918	0.07053707	0.10264359	0.0428087	0.02529605	0.02578251	0.04475455	0.0194585	0.11349479	0.1465957
0.04133597	0.04279488	0.04717163	0.01945222	0.035014	0.06905538	0.0705143	0.03355508	0.04911685	0.0705143	0.10309676	0.04279488	0.02528789	0.02577419	0.0447401	0.01945222	0.11345001	0.14687934
0.04133597	0.04279488	0.04717163	0.01945222	0.035014	0.06905538	0.0705143	0.03355508	0.04911685	0.0705143	0.10309676	0.04279488	0.02528789	0.02577419	0.0447401	0.01945222	0.11345001	0.14687934
0.04225084	0.04274213	0.04765502	0.01965155	0.03488151	0.06878044	0.07123688	0.03242506	0.04962017	0.07123688	0.10366194	0.04274213	0.02554702	0.02505573	0.04470728	0.01719511	0.11374973	0.14686058
0.05121664	0.03236076	0.06166381	0.01758183	0.02955786	0.07363984	0.06319267	0.03439923	0.05835129	0.06726961	0.10472656	0.04076946	0.02369725	0.0277742	0.04127908	0.01426931	0.11207241	0.14617819
0.04225084	0.04274213	0.04765502	0.01965155	0.03488151	0.06878044	0.07123688	0.03242506	0.04962017	0.07123688	0.10366194	0.04274213	0.02554702	0.02505573	0.04470728	0.01719511	0.11374973	0.14686058
0.05121664	0.03236076	0.06166381	0.01758183	0.02955786	0.07363984	0.06319267	0.03439923	0.05835129	0.06726961	0.10472656	0.04076946	0.02369725	0.0277742	0.04127908	0.01426931	0.11207241	0.14617819
0.04225084	0.04274213	0.04765502	0.01965155	0.03488151	0.06878044	0.07123688	0.03242506	0.04962017	0.07123688	0.10366194	0.04274213	0.02554702	0.02505573	0.04470728	0.01719511	0.11374973	0.14686058
0.05121664	0.03236076	0.06166381	0.01758183	0.02955786	0.07363984	0.06319267	0.03439923	0.05835129	0.06726961	0.10472656	0.04076946	0.02369725	0.0277742	0.04127908	0.01426931	0.11207241	0.14617819
0.04225084	0.04274213	0.04765502	0.01965155	0.03488151	0.06878044	0.07123688	0.03242506	0.04962017	0.07123688	0.10366194	0.04274213	0.02554702	0.02505573	0.04470728	0.01719511	0.11374973	0.14686058
0.05121664	0.03236076	0.06166381	0.01758183	0.02955786	0.07363984	0.06319267	0.03439923	0.05835129	0.06726961	0.10472656	0.04076946	0.02369725	0.0277742	0.04127908	0.01426931	0.11207241	0.14617819
0.05451836	0.04486909	0.05548329	0.03232505	0.04100939	0.04052692	0.0487288	0.039562	0.05886053	0.05258851	0.07526429	0.04824634	0.03280751	0.03184258	0.05548329	0.03136012	0.11111733	0.1454066
0.06334457	0.04180229	0.05642027	0.03385216	0.03436507	0.04385393	0.04898305	0.03667317	0.0602671	0.04923951	0.07155116	0.05282989	0.03744254	0.0289795	0.05667672	0.02821013	0.11036134	0.14514759
0.05451836	0.04486909	0.05548329	0.03232505	0.04100939	0.04052692	0.0487288	0.039562	0.05886053	0.05258851	0.07526429	0.04824634	0.03280751	0.03184258	0.05548329	0.03136012	0.11111733	0.1454066
0.06334457	0.04180229	0.05642027	0.03385216	0.03436507	0.04385393	0.04898305	0.03667317	0.0602671	0.04923951	0.07155116	0.05282989	0.03744254	0.0289795	0.05667672	0.02821013	0.11036134	0.14514759
0.05413741	0.04495339	0.05558752	0.03238577	0.04108643	0.04060306	0.04882035	0.03963632	0.05897111	0.05268731	0.07540568	0.04833698	0.03238577	0.03190241	0.05558752	0.03093567	0.11121436	0.14536293
0.05413741	0.04495339	0.05558752	0.03238577	0.04108643	0.04060306	0.04882035	0.03963632	0.05897111	0.05268731	0.07540568	0.04833698	0.03238577	0.03190241	0.05558752	0.03093567	0.11121436	0.14536293
0.041822	0.0427946	0.04717132	0.01945209	0.03501376	0.06905492	0.07051383	0.03355486	0.04911653	0.07051383	0.10260978	0.0427946	0.02528772	0.02577402	0.04473981	0.01945209	0.11344926	0.14688496
0.041822	0.0427946	0.04717132	0.01945209	0.03501376	0.06905492	0.07051383	0.03355486	0.04911653	0.07051383	0.10260978	0.0427946	0.02528772	0.02577402	0.04473981	0.01945209	0.11344926	0.14688496
0.041822	0.0427946	0.04717132	0.01945209	0.03501376	0.06905492	0.07051383	0.03355486	0.04911653	0.07051383	0.10260978	0.0427946	0.02528772	0.02577402	0.04473981	0.01945209	0.11344926	0.14688496
0.04182198	0.04279459	0.04717131	0.01945208	0.03501375	0.0690549	0.07100011	0.03306854	0.04911651	0.07051381	0.10309605	0.04279459	0.02528771	0.02577401	0.04425349	0.01945208	0.11345693	0.14687755
0.04182198	0.04279459	0.04717131	0.01945208	0.03501375	0.0690549	0.07100011	0.03306854	0.04911651	0.07051381	0.10309605	0.04279459	0.02528771	0.02577401	0.04425349	0.01945208	0.11345693	0.14687755
